Date,Close,High,Low,Open,Volume
2016-10-18,38.676265716552734,39.2853406286103,38.54706854132219,39.2853406286103,238300.0
2016-10-19,38.500938415527344,39.06387214624174,38.45479353633303,38.7131914824531,155600.0
2016-10-20,38.20561981201172,38.91620430276666,38.06719225023087,38.47324103357071,223700.0
2016-10-21,37.9195442199707,38.4917047657637,37.052074778261336,37.052074778261336,204000.0
2016-10-24,38.676265716552734,38.759321546395086,37.37506006259526,38.039506701334055,105500.0
2016-10-25,38.23331832885742,40.023629323454365,38.13180521466576,38.7316535146926,146300.0
2016-10-26,37.2920150756836,38.37174117757253,37.2274164692858,38.141030863191816,159700.0
2016-10-27,37.6150016784668,38.61167175601211,36.97824258694135,37.60577481642704,139000.0
2016-10-28,37.44889450073242,38.25176529289117,37.07052626035699,37.52271996006358,140000.0
2016-10-31,38.13180160522461,38.159485717252586,37.07053271959069,37.43967064164426,134100.0
2016-11-01,38.104122161865234,38.61168422660732,37.91955317822432,38.2425462593255,228900.0
2016-11-02,38.32559967041016,38.95313206236669,38.13180383416602,38.13180383416602,125600.0
2016-11-03,38.66703414916992,38.92542846817994,37.8918476717813,38.47323488955384,119400.0
2016-11-04,38.96235275268555,39.48837190324337,38.66704387940254,38.796241071418926,171800.0
2016-11-07,40.45735549926758,40.57732583251841,39.26688959022973,39.54374122665818,155000.0
2016-11-08,40.64192962646485,41.05720889438131,40.06053865138179,40.35584757070905,142400.0
2016-11-09,42.48761367797852,42.48761367797852,39.82982978699303,40.33739179052745,243200.0
2016-11-10,43.19820022583008,43.67807809878428,40.86340946699903,42.81983545374157,193600.0
2016-11-11,44.69320297241211,44.73011746808587,42.94903353596746,43.15205622145304,196600.0
2016-11-14,44.988502502441406,45.8744290914494,44.39788477643608,44.9608183966472,171200.0
2016-11-15,44.19486618041992,45.21922051451656,44.08412621792189,45.01619431630356,211300.0
2016-11-16,44.702423095703125,44.97927825115074,44.13026258047315,44.13949296317983,118900.0
2016-11-17,44.72088241577149,45.01619130961548,43.72421577913792,44.95159270910958,96200.0
2016-11-18,44.80392837524414,45.459144618850566,44.5455340302408,44.85006971965775,112300.0
2016-11-21,44.803932189941406,45.35935140690602,44.47993470398767,44.89650088234576,100000.0
2016-11-22,45.29457092285156,45.32234083554289,44.43366831671358,44.87800457612824,95200.0
2016-11-23,45.49821853637695,45.61855715817792,45.0909077202196,45.14645106731472,273100.0
2016-11-25,45.48896026611328,45.71113012673962,45.00759517748133,45.61855788011609,41500.0
2016-11-28,44.803932189941406,45.57226222445144,44.63730571859817,45.46117908731237,179100.0
2016-11-29,44.396629333496094,44.88725337771063,44.19297746787429,44.82245104402428,263100.0
2016-11-30,44.785430908203125,45.22976711862462,44.591030946986606,44.71137310749773,185700.0
2016-12-01,44.72988128662109,45.350102921128745,43.97080659216323,44.877993335996536,181300.0
2016-12-02,43.80418014526367,44.23000184629594,40.61976931441784,43.83195005103149,190700.0
2016-12-05,44.09114456176758,44.58176501676442,43.80417594833896,44.13742891070265,165900.0
2016-12-06,45.14645004272461,45.26679219306451,43.84121143140722,44.146691005322346,228600.0
2016-12-07,46.06289291381836,46.099921811538266,44.29480365729842,45.03536748661634,154300.0
2016-12-08,46.590553283691406,46.65535209936595,44.7854348425291,46.01661587161602,183100.0
2016-12-09,45.87774658203125,46.951559688571,45.785174355701486,46.84047301697528,184600.0
2016-12-12,45.33158493041992,45.7388921515497,45.17421390391941,45.68334881314901,101300.0
2016-12-13,44.794677734375,45.701864430552185,44.14668622817141,45.3778704430852,154200.0
2016-12-14,44.16519927978516,44.83170521154467,43.295041504308735,44.53548113771144,225700.0
2016-12-15,44.83170700073242,44.91502024552731,44.05411789307004,44.27628772294628,203300.0
2016-12-16,44.65583038330078,44.83171235162924,44.11892195692435,44.83171235162924,357900.0
2016-12-19,44.6373176574707,44.91502734023034,44.18372246832282,44.68360201605228,119300.0
2016-12-20,44.72063064575195,44.99834032683695,44.49846078212185,44.84096927108433,104700.0
2016-12-21,44.31331634521485,44.7206271414078,44.27629098023632,44.71136815171074,96600.0
2016-12-22,44.33183670043945,44.5447475853329,43.72087395601075,44.40589450280432,99900.0
2016-12-23,44.4058837890625,44.58176573033873,43.93377424106754,43.97080313331607,55500.0
2016-12-27,44.55400848388672,44.905772466369854,44.433666315526416,44.58177839532736,53800.0
2016-12-28,44.183719635009766,44.66508470218467,43.95229432567202,44.655829243569954,78800.0
2016-12-29,44.22074508666992,44.61879687021932,43.93377645419231,44.3133137906848,50900.0
2016-12-30,43.85972595214844,44.36886093035763,43.6283006410288,44.18371997520792,63100.0
2017-01-03,44.83170700073242,44.9983334903222,44.14668659561118,44.34108652097901,137600.0
2017-01-04,45.35935592651367,45.51672342553502,44.81319211186201,45.11867518351937,139500.0
2017-01-05,44.45216751098633,45.47043731455428,44.378109727535104,45.16495778599169,112100.0
2017-01-06,45.49821853637695,45.81295710737578,44.60028718032469,44.96131010826775,163800.0
2017-01-09,44.803932189941406,45.50746343351454,44.591017841126735,45.45192009931037,207800.0
2017-01-10,45.66483688354492,46.03511520417945,44.82244549389991,44.82244549389991,150300.0
2017-01-11,46.27579498291016,46.2850504392396,45.47043256275363,45.66483245836296,115100.0
2017-01-12,45.3038215637207,46.146209628024245,45.11868412377995,46.146209628024245,139600.0
2017-01-13,45.72964477539063,46.0628942708775,45.50747491379589,45.55375927167433,136500.0
2017-01-17,44.89651870727539,45.674108038507896,44.59103554477267,45.39639831976857,213700.0
2017-01-18,45.22049331665039,45.99808231301872,44.628045230135314,45.07238129502162,110000.0
2017-01-19,45.35935592651367,45.54449686103908,45.04461739720136,45.39638481967268,158100.0
2017-01-20,45.553741455078125,45.88699435149608,45.294546327316944,45.43340287791402,93900.0
2017-01-23,45.36861801147461,45.67410112775599,45.03536851817237,45.31307819489263,49500.0
2017-01-24,45.998085021972656,46.43316565606051,45.26678385845116,45.43341033400526,169300.0
2017-01-25,46.26654815673828,46.451689113414425,45.82221197947757,46.31283251308981,95100.0
2017-01-26,45.50747680664063,46.20175279750553,45.36862019595953,46.20175279750553,85200.0
2017-01-27,46.05363845825195,46.072152907515225,45.10942273344593,45.38713240985473,51900.0
2017-01-30,45.40565490722656,45.78519235622093,45.02611745823219,45.78519235622093,69200.0
2017-01-31,44.60954284667969,45.26679343091674,44.29480427421704,45.19273563444549,136800.0
2017-02-01,44.49845504760742,44.99833452790306,44.00783455654118,44.94279118633586,119700.0
2017-02-02,43.62829208374024,44.415136574706665,43.53571985868757,44.248510100881184,106600.0
2017-02-03,44.45216751098633,44.56325065489368,43.62829409207361,44.0726301989725,140500.0
2017-02-06,44.26703643798828,44.9705714123121,44.18372317869389,44.36886414726701,68600.0
2017-02-07,43.3505859375,44.71136420752562,43.31355704451805,44.34108587151487,163100.0
2017-02-08,43.17469787597656,43.33206889609098,42.8969882577816,43.27652555994423,217400.0
2017-02-09,45.98883819580078,47.68286964016311,43.72086943625404,43.72086943625404,453500.0
2017-02-10,45.97032165527344,46.15546260235111,45.35935900180603,46.15546260235111,233200.0
2017-02-13,46.29430389404297,46.59978690874362,45.479689584045815,46.25727853905688,255700.0
2017-02-14,46.12770080566406,46.312838254019766,46.01661409912607,46.08141291230466,100600.0
2017-02-15,46.664588928222656,47.099669543700976,45.86848547490879,45.97956861010376,135900.0
2017-02-16,46.27579498291016,46.67384316792003,45.95179751107401,46.2850504392396,92800.0
2017-02-17,46.35911560058594,46.49796865526336,45.59078194587944,45.87775057557759,115800.0
2017-02-21,46.27579498291016,46.59053346714775,46.090654074899376,46.17396730694077,79800.0
2017-02-22,45.92403411865234,46.16471486128454,45.69260883366116,46.16471486128454,84600.0
2017-02-23,45.73889923095703,46.15546550526394,45.45193056837448,46.15546550526394,58400.0
2017-02-24,46.05363845825195,46.05363845825195,45.1279371827092,45.28530470454181,57700.0
2017-02-27,46.48870849609375,46.61830607986112,45.516719555299886,46.04437240977594,120000.0
2017-02-28,45.868499755859375,46.609060106511286,45.69261777610152,46.22026724664539,151000.0
2017-03-01,46.56277084350586,46.71088289803959,45.97957808384872,46.29431664114163,173400.0
2017-03-02,45.155704498291016,46.10917915861865,45.13719005009078,46.10917915861865,125000.0
2017-03-03,44.803932189941406,45.25752372649968,44.62804673059618,45.12792614462589,86600.0
2017-03-06,44.72063064575195,45.38713317410189,44.18372220188681,44.41514752466934,77900.0
2017-03-07,44.144901275634766,44.74847898360511,44.08918493887993,44.63704985236367,92700.0
2017-03-08,43.94990539550781,44.35848129387858,43.89418905116552,44.34919346535385,75000.0
2017-03-09,43.43917083740234,44.82276295257744,43.3648859380889,43.96846358573167,50600.0
2017-03-10,44.20062255859375,44.274911021866856,43.4391835213889,43.78276235062366,90900.0
2017-03-13,44.135623931884766,44.33991367290909,43.69919158824517,44.0334790613726,60600.0
2017-03-14,43.79204177856445,43.9777593738725,43.41132230220378,43.9777593738725,54900.0
2017-03-15,44.47919845581055,44.67420034842534,43.74561585909542,43.959189866569055,107300.0
2017-03-16,44.3956184387207,44.87848271915833,44.107756018959385,44.54419179098858,53100.0
2017-03-17,44.51633071899414,44.67419189428632,43.89418092916763,44.30275675193722,258900.0
2017-03-20,44.1541862487793,44.57204992528247,44.005612890719085,44.42347656722226,82500.0
2017-03-21,43.41131210327149,44.47918536870822,43.32773938213063,44.30275210059549,106400.0
2017-03-22,43.77347946166992,43.847767933326914,43.25347432914818,43.37418778218685,91000.0
2017-03-23,43.53204345703125,44.20062190526244,43.281325210593735,43.72704535683748,86600.0
2017-03-24,43.21631622314453,44.12632845526058,43.01202653392341,43.76418112783633,99800.0
2017-03-27,42.89130401611328,43.12345007203085,42.5848730642813,42.5848730642813,84000.0
2017-03-28,43.7456169128418,43.884902464235175,42.62203050383209,42.69631542278813,93000.0
2017-03-29,43.36488723754883,43.699178150146274,43.31845873130318,43.550604804799406,72700.0
2017-03-30,43.43917083740234,43.5970320046287,43.03987931957246,43.34631382769357,116500.0
2017-03-31,44.17276763916016,44.33991314486788,43.26275518712311,43.42990069283083,142000.0
2017-04-03,43.940616607666016,44.51633798422576,43.68989837700243,44.18205055227626,208800.0
2017-04-04,44.18204116821289,44.55347275002261,43.764177539192566,43.8663223754273,122900.0
2017-04-05,44.10776138305664,44.61848212219621,44.0149043549471,44.49776515183897,143800.0
2017-04-06,44.46062088012695,44.5534779007474,43.92204024217717,44.30275969435026,134200.0
2017-04-07,43.81061935424805,44.36776866736421,43.72704660305373,44.209910994146576,105000.0
2017-04-10,44.19131851196289,44.72061117817292,43.968456764063625,43.968456764063625,92300.0
2017-04-11,44.86919021606445,44.962047223204216,43.95917808547729,44.04275080881018,116700.0
2017-04-12,43.63418197631836,44.6927676124965,43.615609863475264,44.6649076720977,85200.0
2017-04-13,43.132755279541016,43.94062288785304,43.03989469439248,43.457758471888056,77200.0
2017-04-17,43.61560821533203,43.76418157019419,43.17917243568211,43.28131728132513,82400.0
2017-04-18,44.08918380737305,44.12632803092299,43.448461891343,43.49489039964637,75200.0
2017-04-19,44.377052307128906,44.90634516730216,44.2656196212103,44.33990807848937,71500.0
2017-04-20,45.370635986328125,45.50992152598821,44.442051552853606,44.49776435181024,93700.0
2017-04-21,45.76063919067383,46.20635928823992,45.3613476057622,45.44492034544762,105700.0
2017-04-24,46.58707046508789,46.82850435553479,45.407771576104025,46.25278310813252,91900.0
2017-04-25,46.79135894775391,47.44136861949704,46.49421227648867,46.49421227648867,102500.0
2017-04-26,46.54064178466797,47.06993452568013,46.05777754786835,46.59635811508371,129400.0
2017-04-27,50.440711975097656,50.765715147484414,47.3392394669982,47.35781158288729,391600.0
2017-04-28,49.372825622558594,50.82141840846986,49.344969227032536,50.82141840846986,169900.0
2017-05-01,48.72282409667969,49.59569214841877,48.41638954756602,49.54926363735352,112800.0
2017-05-02,48.74138641357422,48.899244027923714,48.23066226769617,48.899244027923714,120700.0
2017-05-03,48.59282684326172,48.96425850458483,48.128534609906346,48.69496815909425,155500.0
2017-05-04,48.52781295776367,48.815675360038526,47.61780078761894,48.815675360038526,75700.0
2017-05-05,48.00782012939453,48.64854216946691,47.81281823140756,48.49068450222093,107500.0
2017-05-08,47.78495407104492,48.13781714741278,47.59923647599507,48.00781589355844,73500.0
2017-05-09,47.54351806640625,48.07281084736139,47.162798635504,47.97066600502477,79500.0
2017-05-10,47.33922958374024,47.4692308255539,46.93065374628754,47.43209014379869,47900.0
2017-05-11,46.89351272583008,47.04208608980534,46.4477926339043,47.00494186324442,57100.0
2017-05-12,46.66136932373047,46.90279972581228,46.42922320769201,46.66136932373047,58700.0
2017-05-15,47.75709915161133,47.83138406657231,46.66136920335503,46.66136920335503,126400.0
2017-05-16,47.719947814941406,48.28638481900416,47.3485162109253,47.775664149564456,111100.0
2017-05-17,46.12278747558594,47.3299500824758,45.76992793850504,47.1442324858567,96100.0
2017-05-18,46.33635711669922,46.69850442013513,45.74206020035515,45.96492198676766,135600.0
2017-05-19,46.15063095092773,46.93064174460391,45.98348552783518,46.40134908556657,300300.0
2017-05-22,46.42922592163086,46.559227187448414,46.0392221241782,46.317796771254216,124700.0
2017-05-23,46.578243255615234,46.80177568786027,45.85176906844196,46.58755903146116,126100.0
2017-05-24,47.62137985229492,47.83559646363625,46.391960615858856,46.76450985400288,180600.0
2017-05-25,48.34785842895508,48.54344706382579,47.630696548168736,47.78903274277389,162900.0
2017-05-26,48.13363265991211,48.82285063850093,47.8635320899314,48.14294487997893,87800.0
2017-05-30,48.46894073486328,48.87874601899455,47.96599546370636,47.98462346111149,97200.0
2017-05-31,48.55276107788086,49.26060715823633,48.16158026939807,48.61795728714017,72600.0
2017-06-01,49.06501770019531,49.10227369140647,48.1429514588171,48.813545088910345,173900.0
2017-06-02,49.48415756225586,50.117495442308986,48.99984015086652,49.139544841716685,122700.0
2017-06-05,49.43756484985352,49.72628986638711,48.10569351632471,49.35374065568295,107100.0
2017-06-06,49.46552276611328,49.633171214451735,48.67384874830884,49.13953809304284,175600.0
2017-06-07,49.36307144165039,49.81013279439325,48.67384963559194,49.2419912149926,106400.0
2017-06-08,49.4189567565918,49.55866143451525,48.76699093416535,49.40032875561643,110500.0
2017-06-09,49.75424957275391,50.080234256875954,49.2419919867654,49.51209266857078,185600.0
2017-06-12,50.01503372192383,50.78807614627135,49.78218906172207,49.87532550463175,143600.0
2017-06-13,50.70424270629883,50.73218647643241,49.77286423485591,50.08022083583699,202300.0
2017-06-14,49.83805847167969,50.81600867034171,49.62384185807496,50.81600867034171,123800.0
2017-06-15,49.82875061035156,50.27581187171936,49.38168934898377,49.38168934898377,138100.0
2017-06-16,49.37237548828125,49.82875254214211,49.241983059443065,49.59590790409472,267900.0
2017-06-19,49.35375595092773,49.726305277088834,49.26993173077916,49.54934461363188,140400.0
2017-06-20,48.9532585144043,49.17678737972098,48.7390418714228,49.15815938212338,90400.0
2017-06-21,48.68315887451172,49.02776795479861,48.33854979422482,49.02776795479861,117000.0
2017-06-22,48.59001922607422,48.76698343165141,47.87286083995642,48.67384344110359,160400.0
2017-06-23,49.20472717285156,49.69835663401728,48.40374110557568,48.40374110557568,169600.0
2017-06-26,48.85080337524414,49.446885050920365,48.776291389321095,49.446885050920365,59600.0
2017-06-27,48.64590072631836,49.01845356355409,48.55276429347301,48.84148936704989,125700.0
2017-06-28,49.987083435058594,50.08953564066967,48.86943205402489,48.97188425963597,85100.0
2017-06-29,49.67041015625,50.19197976935384,49.22334541226597,50.13609934105072,95400.0
2017-06-30,49.623836517333984,52.64150388392182,49.58658408418396,49.81011289478965,73900.0
2017-07-03,50.34101104736328,50.76013211486043,48.90668719545183,50.00571419336556,75800.0
2017-07-05,50.27581024169922,50.42483065732368,49.782180781117006,50.35032222597493,115000.0
2017-07-06,49.530704498291016,50.30374673684787,49.335115883431335,49.98707793296361,129700.0
2017-07-07,50.303749084472656,50.66698966849847,48.97188115475216,49.82874763294178,142000.0
2017-07-10,49.89394760131836,50.285128431702745,49.71698695955348,50.285128431702745,55400.0
2017-07-11,49.80080032348633,51.94296976680165,49.02775460602189,49.82874053638338,187500.0
2017-07-12,49.81943893432617,50.40620484777882,49.61453452160657,49.828751156301095,179500.0
2017-07-13,49.623836517333984,49.87530909396017,49.01844273176106,49.82874088782785,76800.0
2017-07-14,50.909156799316406,51.14200146150738,49.35375616128597,49.633169045329616,246800.0
2017-07-17,50.62973785400391,50.91846292668159,49.32580648066693,50.91846292668159,92500.0
2017-07-18,49.75424957275391,50.825336523125415,49.689053346515074,50.33170693790912,91200.0
2017-07-19,50.05228805541992,50.96503866669961,49.77287163012971,49.79149962867755,91800.0
2017-07-20,50.06159210205078,50.56453732191802,49.82874748762264,49.94982768194479,48400.0
2017-07-21,49.921875,50.62040871857981,49.80079838021971,50.26648752593959,68300.0
2017-07-24,50.04296875,50.136108736169774,49.63316346963457,49.90326410013613,48400.0
2017-07-25,50.68561935424805,51.04885997584887,50.28512984352819,50.322382285574456,101900.0
2017-07-26,50.01503372192383,51.51455390209158,49.88464128067925,50.68562392731416,76300.0
2017-07-27,47.26744842529297,50.12677950392881,46.91352367871774,50.10815151169577,130300.0
2017-07-28,47.4537353515625,47.62138376602975,46.941477886435685,47.05324231177151,82800.0
2017-07-31,48.27335357666016,49.60522167929433,47.16501079098282,47.59344408570024,150500.0
2017-08-01,47.21158599853516,47.863551812579246,46.55962373741892,47.863551812579246,184500.0
2017-08-02,47.38854217529297,47.56550282281719,46.624812039558826,47.192949977271496,158000.0
2017-08-03,47.50028610229492,47.92871920267228,47.10910898097448,47.546854299653205,109500.0
2017-08-04,48.04981994628906,48.34786080059598,47.32334580803187,47.500306454986834,114100.0
2017-08-07,47.984622955322266,49.71698761353996,47.80766231122961,48.03119117188063,118300.0
2017-08-08,47.695892333984375,49.36306070873665,47.593440130082826,47.863540748927456,136300.0
2017-08-09,47.96598815917969,47.975300380000526,47.4537307437932,47.4816709591824,111200.0
2017-08-10,47.35128402709961,47.993933925871154,47.323343808478654,47.7983452896703,82200.0
2017-08-11,47.38854217529297,48.72041380166703,47.15569753505873,47.5375626029258,114300.0
2017-08-14,47.95668411254883,49.540024838545385,47.28609040549231,47.59344348594169,156500.0
2017-08-15,47.50028610229492,48.35715230304962,47.239501354747965,48.07773956597421,154300.0
2017-08-16,47.8914794921875,48.55276090984274,47.59343866434018,47.59343866434018,100100.0
2017-08-17,47.24883270263672,48.6738407257109,47.24883270263672,47.565501546978446,80800.0
2017-08-18,47.48167419433594,47.96599142733207,46.84833654756613,47.01598495717737,102300.0
2017-08-21,47.26744842529297,48.03117834221632,47.01597585953632,47.36990060611156,83200.0
2017-08-22,47.369911193847656,47.63069603754621,47.174322561073744,47.304714982923024,90800.0
2017-08-23,47.21111297607422,47.5660811782256,46.687996877493454,47.12704080957797,145700.0
2017-08-24,47.042964935302734,47.808954141479305,47.02428183717201,47.44464263652174,60900.0
2017-08-25,47.612789154052734,48.31338933082956,47.05230687456921,47.23913430106372,70700.0
2017-08-28,48.28535842895508,48.44416297397152,47.66883047302508,47.66883047302508,126500.0
2017-08-29,48.5562629699707,48.929917826646566,48.09853951215142,48.09853951215142,300500.0
2017-08-30,48.67769241333008,48.95793172276824,48.518887881138895,48.54691430648801,228800.0
2017-08-31,48.54692840576172,49.11675051972409,48.3881238274496,48.743095622996805,180500.0
2017-09-01,48.49087142944336,48.95793819472925,48.4535052329957,48.500211196836965,270900.0
2017-09-05,48.43482208251953,48.78979382151611,47.93973245215032,48.36009325314146,251900.0
2017-09-06,48.65902328491211,48.93926267479162,48.06117830291923,48.490878938296966,181000.0
2017-09-07,49.31291580200195,49.34093867095391,48.61231557070658,48.80848278024439,146700.0
2017-09-08,49.5931510925293,49.873390449252334,47.95841735430203,49.31291173580626,224000.0
2017-09-11,49.54644012451172,50.10691878136892,49.39697891178738,49.82667945294032,100600.0
2017-09-12,50.013519287109375,50.013519287109375,49.34094188100898,49.67723058405917,126800.0
2017-09-13,50.00416946411133,50.14429092667383,49.33159570874704,49.91075753136087,261000.0
2017-09-14,49.39698791503906,50.10692791401653,49.200817142291584,50.10692791401653,176000.0
2017-09-15,50.07889938354492,50.19099440998724,48.94859866137356,49.443688294644055,290400.0
2017-09-18,50.31243896484375,50.48992307552648,50.05088268311402,50.24704989441132,117900.0
2017-09-19,50.22837829589844,50.59268993271567,50.10693989581339,50.31245048619763,93400.0
2017-09-20,50.84489059448242,51.04105778932145,50.293751644622695,50.293751644622695,191400.0
2017-09-21,51.15314483642578,51.38667819291016,50.36847261610083,50.9569776722036,198400.0
2017-09-22,51.14381790161133,51.50812945897972,51.106451699974286,51.13447813292063,210500.0
2017-09-25,51.4427375793457,51.713637181268986,50.77016024034637,51.25591014479734,119300.0
2017-09-26,51.68561553955078,52.04992708567322,50.04153835264312,51.592200038341815,150300.0
2017-09-27,53.23626708984375,53.44177402650394,51.89111263602847,51.99386788607673,154500.0
2017-09-28,53.07746887207031,53.49782968895892,52.54501302515699,53.29231916438299,149800.0
2017-09-29,53.4604606628418,53.88082145749144,51.20919903309209,53.06812629679317,218500.0
2017-10-02,54.47866821289063,54.58142347328015,53.11483408857103,53.65662969321118,150100.0
2017-10-03,54.81495666503906,54.82429643257,53.19890606099949,54.60944614499168,181400.0
2017-10-04,54.21711349487305,54.85232461032292,54.05830893429218,54.85232461032292,262100.0
2017-10-05,54.03962326049805,54.2171109117166,53.70333818313807,54.18908448269247,68900.0
2017-10-06,54.83365249633789,54.88035847171143,53.87149229914315,54.22646412616949,135700.0
2017-10-09,54.5814323425293,55.0017932199584,54.1610714651002,55.0017932199584,103700.0
2017-10-10,54.768253326416016,54.81495929318341,54.41328156479752,54.768253326416016,62700.0
2017-10-11,54.9550895690918,55.46886241279141,54.66550682719978,54.749579006236985,113100.0
2017-10-12,55.49687576293945,55.59028769542616,54.64681434893789,55.04849207281699,114700.0
2017-10-13,54.9550895690918,55.77712469363621,54.842990954750576,55.77712469363621,191200.0
2017-10-16,54.47866821289063,56.02932975942419,53.85280044642602,55.01112404996659,111200.0
2017-10-17,54.03962326049805,54.87100509510593,53.60992269211866,54.48801049051793,93200.0
2017-10-18,54.49735641479492,54.96442323234941,53.86214525784586,54.245139905703056,102900.0
2017-10-19,54.29185104370117,54.56275067889903,53.89951659005244,54.41328942558941,193200.0
2017-10-20,54.64682388305664,55.56227452220305,54.17975701226128,54.75891893428505,126300.0
2017-10-23,54.282508850097656,55.09520415595861,54.17975357489187,54.637480647143846,154500.0
2017-10-24,54.49735641479492,54.91771726328137,54.30118920664693,54.30118920664693,157300.0
2017-10-25,54.45998001098633,55.72106232017952,54.03027947456629,54.50668597130392,64000.0
2017-10-26,53.90885162353516,54.11436216507097,52.0125614706123,52.0125614706123,162400.0
2017-10-27,54.32920837402344,54.38525767114874,52.75986368888277,53.90884755417562,112200.0
2017-10-30,53.32968521118164,54.319868070000005,53.245613048042,54.319868070000005,125600.0
2017-10-31,53.65663146972656,54.002263459468764,53.47914737263716,53.55387976937173,123000.0
2017-11-01,53.33902359008789,54.15172233375619,50.46189414626891,54.02094420859669,113300.0
2017-11-02,53.7593879699707,53.88082633573903,52.83459770144963,53.14285993647769,67500.0
2017-11-03,53.53519821166992,53.95555548337676,53.10549404494692,53.750048513312976,83900.0
2017-11-06,53.46980667114258,53.94621321997827,52.75986316830746,53.50716930542068,75800.0
2017-11-07,52.96536636352539,53.544528094220375,52.54500560599022,53.37638379120631,96800.0
2017-11-08,52.49830627441406,52.71315656351335,52.040579266550914,52.6384241689901,110300.0
2017-11-09,52.087284088134766,52.619743478834096,51.66692685019645,52.2180657756799,71900.0
2017-11-10,51.87243270874024,52.54500997674223,51.77902078304509,52.049920356372176,85200.0
2017-11-13,51.82573318481445,52.16202186059656,51.676271947070965,51.83507651660673,112000.0
2017-11-14,51.81638717651367,52.07794342020784,51.47075521056173,51.61087666307593,79100.0
2017-11-15,50.86357879638672,51.71364028940784,50.79818972488026,51.58286214639492,58400.0
2017-11-16,51.33064651489258,51.470764429065575,46.59458903441377,51.04106379076886,112900.0
2017-11-17,50.86357879638672,51.61088501605851,50.676751350609486,50.94765096881461,81900.0
2017-11-20,51.16250228881836,51.218551592683184,50.760824519713466,50.90094599765692,74500.0
2017-11-21,51.50907516479492,51.74324989471207,51.209328223135984,51.49970617459346,153500.0
2017-11-22,51.41539764404297,54.58144065528061,51.4060322280634,51.57463830147515,61400.0
2017-11-24,51.303009033203125,51.99616435130095,50.86275932223327,51.56528363213491,37700.0
2017-11-27,51.48097229003906,52.94222390591667,51.16249451118969,51.3030007798555,145700.0
2017-11-28,51.98678970336914,52.64247965751565,51.462237025407376,51.61210870865034,219700.0
2017-11-29,52.38956451416016,52.54880159605992,51.97741832581159,52.10855558695785,241000.0
2017-11-30,53.29816818237305,53.47613968481931,52.35210030402889,52.68931247558828,293200.0
2017-12-01,53.31689834594727,53.47613901306004,51.49970381153225,53.29816751284943,133100.0
2017-12-04,54.07563018798828,55.077897782954096,48.76454883372399,53.85082444002334,244300.0
2017-12-05,53.54170989990234,54.12246222736629,53.43867244741848,54.12246222736629,97900.0
2017-12-06,53.86019515991211,54.10373533972129,53.16703629346196,53.47614869387471,120300.0
2017-12-07,54.6282844543457,54.79689055730294,53.57918259289637,53.86019157341742,234900.0
2017-12-08,54.20676040649414,54.97485316286439,54.14119177411296,54.843715898102026,137600.0
2017-12-11,54.14120101928711,54.7781566196618,53.65411711469334,54.1505700102114,129400.0
2017-12-12,53.83209228515625,54.41284466046498,53.81335787650461,54.15993550350237,172300.0
2017-12-13,54.13185119628906,54.82500664900651,53.1202142784107,53.963245043309335,143100.0
2017-12-14,53.19513320922852,54.48777516275008,53.082726764660926,54.16930095614381,144000.0
2017-12-15,53.67284393310547,54.17866217479381,52.75487947960954,53.23259789894495,571100.0
2017-12-18,53.97258758544922,54.39410278922387,53.551072381674565,54.131828250529686,143300.0
2017-12-19,53.560455322265625,54.356648135385214,52.11793783726861,54.141207769167245,146500.0
2017-12-20,53.54170989990234,54.12246222736629,53.44804143758399,53.878922081404895,125500.0
2017-12-21,53.494876861572266,53.75715142049009,52.92348993831025,53.72905159581258,129600.0
2017-12-22,54.03816986083984,54.08500767447775,53.03590210843279,53.53235506185133,97200.0
2017-12-26,53.953857421875,54.525244346007504,53.75715150238696,54.056894876813374,103200.0
2017-12-27,54.42219924926758,54.66574294005567,54.02878746553319,54.09435609615559,87200.0
2017-12-28,54.39410400390625,54.44093823354427,53.588542390530606,54.356635190906765,108000.0
2017-12-29,53.803985595703125,54.45031014838442,53.76652035391374,54.38474150872442,67100.0
2018-01-02,54.10372543334961,54.79688417288266,53.53234212125904,54.10372543334961,104800.0
2018-01-03,54.01942825317383,54.50651214968258,53.84145673402032,54.04753165225714,76600.0
2018-01-04,53.953857421875,54.57207857828234,53.48550795268087,54.169301322140434,97600.0
2018-01-05,54.4409408569336,55.12473064762256,53.70095141725993,54.169300882654255,126700.0
2018-01-08,56.389278411865234,56.77332484461506,54.71258640681622,55.1247326650868,555600.0
2018-01-09,55.69610977172852,56.83888345077602,55.57434150048949,56.54850553651346,160300.0
2018-01-10,55.45257186889648,56.18319581837604,55.27459680299173,55.56497472884199,244000.0
2018-01-11,56.642181396484375,57.0543276098984,55.81788539643373,55.81788539643373,536800.0
2018-01-12,56.68902969360352,57.07307617986451,56.40802067957264,56.670295282905,255600.0
2018-01-16,56.09889221191406,56.763947521920855,55.61180839278696,56.67027906845206,182300.0
2018-01-17,56.33307266235352,56.46420993986915,55.274601878770014,56.20193538483788,221000.0
2018-01-18,57.04496765136719,58.58115336215083,56.72648986450549,58.58115336215083,381200.0
2018-01-19,58.91835021972656,59.89251416134422,57.21355885536816,57.29785830887693,312300.0
2018-01-22,58.3188705444336,60.69809012422253,58.3188705444336,59.058863515276464,159700.0
2018-01-23,58.43128204345703,58.908996940169786,57.75685764977035,58.328244586285685,130200.0
2018-01-24,57.85052108764648,58.87152300679385,57.75685262920908,58.69355150647372,190600.0
2018-01-25,58.65609359741211,58.74976564648489,56.99813584766861,57.91610406246533,385800.0
2018-01-26,58.23457336425781,59.19937573504652,57.85052692873159,58.7872259005734,236000.0
2018-01-29,57.57887649536133,58.40316886830088,57.56014209053693,57.87861982610705,101000.0
2018-01-30,56.93255615234375,57.5601462530679,56.65154720610093,57.044962589418965,182700.0
2018-01-31,56.86699676513672,57.65382408650539,56.80142811945792,57.18547457552935,177000.0
2018-02-01,57.24166870117188,57.94419285592711,56.183197974171655,56.34243864065861,285300.0
2018-02-02,56.23939895629883,57.6819160209348,56.11762710714839,56.81078581782492,184000.0
2018-02-05,54.70322036743164,56.61408351879951,54.68448595955648,55.83662524470663,134700.0
2018-02-06,54.48777770996094,55.621186186387135,52.914126717900615,53.87892551959322,180200.0
2018-02-07,55.60245895385742,56.005239851311,54.00070435601559,54.25360996769716,179700.0
2018-02-08,51.20933151245117,57.60698725987363,51.181231686487486,57.60698725987363,337600.0
2018-02-09,51.45286560058594,51.95868381242752,50.450598165949295,51.77134333694297,380000.0
2018-02-12,52.024261474609375,52.53944519171432,50.61921302438334,51.38730589131573,360700.0
2018-02-13,52.88602828979492,52.970331348474176,51.25617391962712,51.62148598282944,196300.0
2018-02-14,51.5840072631836,52.82044950437744,51.50907321052898,52.455137511282345,395700.0
2018-02-15,51.62147903442383,51.96805664091112,51.03135770310113,51.92122240866519,676800.0
2018-02-16,52.12729644775391,52.595645908836254,51.34983462721026,51.45287208036403,481400.0
2018-02-20,50.90022659301758,51.705788348890025,50.45061147715876,51.58401647171264,440200.0
2018-02-21,51.19060134887695,51.96805965426404,50.656683209224006,50.81592032273804,235800.0
2018-02-22,50.96578979492188,51.649579600552165,50.778449290026046,51.39667045492624,215400.0
2018-02-23,51.555908203125,51.88375138813357,51.08755875412835,51.23743043487837,151700.0
2018-02-26,52.05236053466797,52.34273849647114,51.44350478590171,51.71514833985729,330800.0
2018-02-27,51.60275268554688,52.43641429867284,51.46224639364373,52.17413969855863,249000.0
2018-02-28,50.58174896240234,51.82756042051241,50.54428014263438,51.81819142895876,309300.0
2018-03-01,50.16023254394531,51.15313480610597,49.77618608302696,50.48807934970011,159300.0
2018-03-02,50.64731216430664,50.81591826190906,49.21416390790903,49.607575753499376,178200.0
2018-03-05,50.09466171264648,50.49744256546051,49.794918320769504,50.469342739104256,247500.0
2018-03-06,50.52552795410156,50.7784370387081,49.82300391015744,50.31008767607868,159300.0
2018-03-07,50.9388542175293,50.97642753159558,49.78350168390432,50.131045881046354,163700.0
2018-03-08,51.29577255249024,51.41788398166234,50.347066467916655,50.967011563671015,380500.0
2018-03-09,52.49810028076172,52.69535476485383,51.5775757718108,51.643327266508166,206700.0
2018-03-12,52.58262634277344,52.93017038960472,52.385371904019486,52.49808821428076,414300.0
2018-03-13,52.48870468139648,53.37165581552591,51.60574996407961,52.98653841218157,171600.0
2018-03-14,52.10358047485352,52.86442006471948,51.91571756485671,52.63898743927289,161900.0
2018-03-15,51.82179641723633,52.81746756445051,51.42728743900425,52.10359263961674,210700.0
2018-03-16,52.39477157592773,52.526274555524815,51.84057788820613,51.84057788820613,374000.0
2018-03-19,52.35719299316406,52.52626566460815,51.62452802870109,52.34779787724743,109100.0
2018-03-20,51.72785568237305,52.61080671875377,51.59635271771922,52.34780078944612,223300.0
2018-03-21,51.62453079223633,52.39476551203706,51.21123524945134,51.70906892407724,220200.0
2018-03-22,50.008914947509766,51.40848621144831,49.990128299131065,51.22062331084811,147200.0
2018-03-23,48.75025177001953,50.13103677073534,48.68450027394677,50.13103677073534,137100.0
2018-03-26,49.71773147583008,49.830447792445135,48.75963382663435,49.47350860944584,124600.0
2018-03-27,48.336944580078125,49.88680920760235,48.07393863918905,49.88680920760235,201200.0
2018-03-28,48.85356521606445,49.29504254789016,47.90486264999056,48.327553331186735,198000.0
2018-03-29,49.651973724365234,50.36584841705562,49.06960198165572,49.172923168650215,253300.0
2018-04-02,48.97567367553711,49.89619800128674,48.61873450165477,49.44532916315551,130500.0
2018-04-03,50.05588150024414,50.2719225892571,49.1823220280861,49.26686015710742,209500.0
2018-04-04,50.516143798828125,50.65704188033309,49.15414573248637,49.41715166256278,210100.0
2018-04-05,50.73219299316406,50.83551779166709,50.046496292320256,50.77916141662008,224600.0
2018-04-06,50.12163925170898,50.863695856725215,49.64258859958464,50.45039669282384,269000.0
2018-04-09,49.295040130615234,50.53493034586555,49.26686194764633,50.35646254841743,176400.0
2018-04-10,49.53926467895508,49.774092433516856,49.14475218803396,49.52047802860768,346200.0
2018-04-11,49.77408981323242,50.16859870019802,48.8911352093222,49.35139916063572,136800.0
2018-04-12,50.45039749145508,50.5255440981494,49.68955780620592,49.97135041493477,135500.0
2018-04-13,49.9995346069336,50.91066761501921,49.96196129907303,50.61008831851037,110500.0
2018-04-16,51.20183944702149,51.39909747413208,49.783481457568506,50.41281808814009,192600.0
2018-04-17,51.004581451416016,51.44605872361561,50.56310776240316,51.44605872361561,179300.0
2018-04-18,51.38031005859375,51.84996553703942,50.91065458014808,51.20183868354475,146000.0
2018-04-19,51.079734802246094,51.72785812284077,50.75097379191387,51.26759772483776,139300.0
2018-04-20,49.97134399414063,51.67149454549271,49.68015630539584,51.02337127037466,154300.0
2018-04-23,50.06528472900391,50.40343732408563,49.79288362927832,49.79288362927832,92200.0
2018-04-24,49.18231964111328,50.30009832997976,48.64691271102552,50.28131168186603,101900.0
2018-04-25,49.51108169555664,49.89619906024972,48.94749653172821,48.94749653172821,115100.0
2018-04-26,51.71846389770508,53.437401129475006,51.61513911649735,53.437401129475006,291800.0
2018-04-27,51.71846389770508,52.28204905296377,50.88247411483661,51.94389652653374,294800.0
2018-04-30,50.71340560913086,51.990865638413325,49.13536274469021,51.990865638413325,236500.0
2018-05-01,50.85430145263672,50.938839593421456,49.8586339980469,50.553722192777066,138500.0
2018-05-02,50.675819396972656,51.37090739638359,50.36584510680201,50.68521092855976,378500.0
2018-05-03,50.87308120727539,51.154873777292,49.90559206971646,50.62886193544417,154600.0
2018-05-04,51.333343505859375,51.77481720422582,50.45978405859137,50.59128701483613,118000.0
2018-05-07,51.62453079223633,51.97207843601954,50.9576208539286,51.455454528554505,128700.0
2018-05-08,52.69534683227539,52.90199640346607,50.50675401712395,51.46485168829824,132500.0
2018-05-09,52.59202194213867,53.08046048548854,51.80300059668491,52.479302047654606,141200.0
2018-05-10,52.61080932617188,52.95835698790968,52.50748812252826,52.761098947965685,118600.0
2018-05-11,53.49375534057617,53.80372606776512,52.74230735310198,52.75169888530125,101600.0
2018-05-14,53.53133392333984,54.05734577493563,53.18378628346463,53.61587205423017,163200.0
2018-05-15,53.6440544128418,53.86009552344928,52.73292155155988,53.23075525934289,198500.0
2018-05-16,54.06673431396485,54.38610014923403,52.82684426719893,53.493754116877184,177300.0
2018-05-17,54.84637069702149,55.56024908938219,54.0573492852049,54.0573492852049,313600.0
2018-05-18,55.41935729980469,55.57903847378931,54.33914805475378,54.977879917067554,335100.0
2018-05-21,56.56531524658203,56.7531745988961,55.24088674691806,55.54146601044552,210400.0
2018-05-22,55.71053695678711,56.75316916171674,55.67296365664898,56.75316916171674,164600.0
2018-05-23,55.4475212097168,55.94535842264931,54.696073207311805,55.62599257372885,214000.0
2018-05-24,56.11613845825195,56.27622640525241,55.41927595545201,55.46636402674906,174000.0
2018-05-25,56.27622985839844,56.39865238511484,55.68295892065923,55.92780038177634,102300.0
2018-05-29,55.86188888549805,56.33274095202606,55.47579033463772,56.03139591683343,145000.0
2018-05-30,57.13317489624024,57.55694237717649,55.74887258160226,56.10672107576126,130400.0
2018-05-31,55.86188888549805,57.07668807929621,55.70180090719029,57.07668807929621,95400.0
2018-06-01,56.794166564941406,56.944839053374025,55.95604703119975,56.19147301889544,206500.0
2018-06-04,56.43631362915039,57.23676048757722,56.30447566115681,57.02016902697132,146500.0
2018-06-05,56.38922882080078,56.9071652315666,55.73945085050468,56.530482246110445,292200.0
2018-06-06,56.634071350097656,57.14259231267614,55.8901244151012,56.62465589181965,144300.0
2018-06-07,56.43631362915039,56.76590854913433,56.05963064147,56.681155056522,91300.0
2018-06-08,56.888328552246094,57.02958556448068,56.21971969127446,56.59639907004163,136600.0
2018-06-11,57.32151412963867,57.622859083642574,56.63407072879757,56.87891574912275,97600.0
2018-06-12,57.632286071777344,57.65112058303605,56.87892358300762,57.50044808528211,139500.0
2018-06-13,57.095516204833984,57.84887870852469,56.88834016920063,57.80179422560323,224100.0
2018-06-14,57.491024017333984,57.59461202406084,56.87891862025364,57.36860150099176,116300.0
2018-06-15,58.21614074707031,58.49865122741561,57.199102299364135,57.23676772904536,231100.0
2018-06-18,58.19730758666992,58.696413158922304,57.50044862513375,57.97130063407496,152000.0
2018-06-19,58.79998779296875,58.91299484276596,56.87891464651307,57.74528047440081,299200.0
2018-06-20,59.24259567260742,59.48743712031856,58.451564206618,58.94125069435578,192100.0
2018-06-21,59.68519973754883,59.90179122361029,58.79999569015824,59.28968219476853,525200.0
2018-06-22,58.74349212646485,60.23138246703047,58.34797460808157,59.901787528640575,333600.0
2018-06-25,56.90716552734375,58.50806283538034,56.61523603248216,58.50806283538034,198300.0
2018-06-26,56.08789443969727,57.3215244445417,55.63587692735169,56.81300698835034,180600.0
2018-06-27,54.94842529296875,56.41748478155173,54.90134081286297,56.09730528759065,251200.0
2018-06-28,55.40044403076172,56.09730292858018,54.09147254804652,54.835419516306175,179200.0
2018-06-29,55.6358757019043,56.19147762983462,55.22152363047722,55.48519960879207,149400.0
2018-07-02,56.20089340209961,56.28564690337139,55.014344384294645,55.23093945934576,109100.0
2018-07-03,56.01255416870117,56.5399097083349,55.83363169976338,56.379818158387856,35900.0
2018-07-05,55.92779922485352,56.22914421337127,55.40986275035834,56.22914421337127,186500.0
2018-07-06,56.39865112304688,57.1802671554096,56.02197168419469,56.03138714343185,153600.0
2018-07-09,57.34976959228516,57.47218851419573,56.57757267298082,56.57757267298082,92600.0
2018-07-10,56.27622985839844,56.52107491183125,54.43990991923085,55.18385335434575,160200.0
2018-07-11,55.438106536865234,56.2762224172165,55.35335304377829,55.795955017934,134900.0
2018-07-12,55.73945999145508,55.9372205670245,55.052016483728735,55.8618825206522,100000.0
2018-07-13,56.66232299804688,56.86008355090382,55.55111568020183,55.75828809930072,139300.0
2018-07-16,55.23093795776367,57.11434585276239,54.81658592178205,56.63407482784105,217500.0
2018-07-17,54.89191818237305,56.05962894262838,54.76949567623955,55.174428618414495,140200.0
2018-07-18,55.82420349121094,55.861872507645074,54.92016865068233,54.92016865068233,149000.0
2018-07-19,56.040809631347656,56.19148214424911,55.40986960617159,55.61704565852961,92100.0
2018-07-20,56.39865112304688,56.605827149420726,55.83363016861078,55.92779913024493,66300.0
2018-07-23,56.89775085449219,57.21793034073352,56.23856096427369,56.23856096427369,88900.0
2018-07-24,54.34573745727539,57.368606461787,54.25156849337092,57.07668051829369,323300.0
2018-07-25,54.89191818237305,55.41927003836639,54.091467755888,54.35514727619977,129200.0
2018-07-26,58.93183517456055,59.68519761941159,56.210307729543175,57.707617160322656,299100.0
2018-07-27,58.771732330322266,59.45917565354718,58.103123513635474,59.29908773644533,128300.0
2018-07-30,58.498653411865234,59.101343417058274,57.97130145347922,58.58340691836524,153800.0
2018-07-31,60.17489242553711,61.20134642883215,58.25381523135051,58.48924125243271,231600.0
2018-08-01,59.167266845703125,59.864125827000514,58.63991128750079,59.864125827000514,108400.0
2018-08-02,59.65694427490234,59.873539346380255,58.76232838906672,58.76232838906672,96700.0
2018-08-03,59.1484260559082,59.87353852435685,58.724658562358286,59.87353852435685,78500.0
2018-08-06,59.43093490600586,59.779364350206,58.53631546444544,59.299096932109336,151700.0
2018-08-07,59.60044479370117,60.37264175744355,59.19551180145633,59.7134482636276,146300.0
2018-08-08,59.58161163330078,59.8641221106756,58.97892165695033,59.58161163330078,88000.0
2018-08-09,59.3555908203125,60.13720671779486,59.28025638246847,59.60043582601432,83600.0
2018-08-10,59.38385009765625,59.81703303584999,58.57398415701514,59.18608954559794,100100.0
2018-08-13,58.83766555786133,59.675781544072834,58.66815855027747,59.28968304731307,113700.0
2018-08-14,59.12958526611328,59.62868715422332,58.56456080394968,58.91299381292751,98300.0
2018-08-15,58.715240478515625,59.32734948954026,57.74528654910061,58.87533201974544,106100.0
2018-08-16,59.55335998535156,59.7982014342272,58.80941299511648,58.96008548495892,85200.0
2018-08-17,59.68519973754883,59.73228421846382,58.90358370356059,59.44977374065824,177800.0
2018-08-20,60.00537109375,60.17487807589286,59.62868811291805,59.854698619880246,104500.0
2018-08-21,60.58922958374024,60.918831718783096,59.995958672999016,60.13721570449866,175000.0
2018-08-22,60.37213897705078,61.4576307365564,60.01345781190648,60.39101750164423,88500.0
2018-08-23,59.87186050415039,60.74969194467394,59.65476290928142,60.33437167561175,72200.0
2018-08-24,60.31550216674805,60.532596180386015,59.70196276915256,59.92850144539538,85600.0
2018-08-27,60.41933059692383,61.0139878545256,60.098399314029216,60.53259453089368,81700.0
2018-08-28,59.956817626953125,60.570353425857405,59.73972001189068,60.570353425857405,110600.0
2018-08-29,60.409889221191406,60.61754936761645,59.52262026951075,60.136156046487486,71100.0
2018-08-30,60.64586639404297,60.71193942345827,59.32439860431676,60.41933132196479,109200.0
2018-08-31,60.65531539916992,60.80633639985961,60.173922006718286,60.55148531057406,162500.0
2018-09-04,61.53314208984375,63.71355937281441,61.504826104572,62.08060127507875,276800.0
2018-09-05,61.86349868774414,62.15610676359671,61.32547343781744,61.57089061189156,182700.0
2018-09-06,61.90126037597656,62.70357778062228,61.62752720000662,61.69360022859109,107500.0
2018-09-07,61.85406112670898,62.448725574404975,61.59921007871061,61.74079719489632,103700.0
2018-09-10,62.920684814453125,63.298240897647645,62.0711692244241,62.0711692244241,149800.0
2018-09-11,62.38264083862305,63.24159733371752,62.25049479344226,62.85459305753138,111000.0
2018-09-12,62.45817184448242,62.62807497737996,61.82575742813876,62.1750047572674,104000.0
2018-09-13,62.63750076293945,62.91123392147658,61.94844733608123,62.78852173233468,201000.0
2018-09-14,64.76128387451172,64.81791583616894,62.74132895931828,62.74132895931828,505900.0
2018-09-17,64.29878234863281,64.76129357475564,63.45870785159688,64.76129357475564,351700.0
2018-09-18,64.61970520019531,64.97838633985549,63.68524170383047,64.31765602958141,155400.0
2018-09-19,64.75186157226562,65.28045310606933,64.11000608233509,64.61027442568567,231300.0
2018-09-20,65.10110473632812,65.72407805937966,64.95007653593929,65.11054579920767,128200.0
2018-09-21,65.4692153930664,66.2054597361856,65.01613807345937,65.33706934181012,493300.0
2018-09-24,64.8934326171875,65.45033280042084,64.42148037997158,65.32762781125578,186000.0
2018-09-25,64.87454223632812,65.28042135166714,64.47809697846314,64.96893122099392,210800.0
2018-09-26,65.41259765625,66.00725501624454,64.80849923299233,64.95952023809612,128400.0
2018-09-27,65.36540222167969,66.12996274465526,65.31820410484993,65.57306241345616,158800.0
2018-09-28,67.67797088623047,67.7251690065251,65.2238198607732,65.47867818808889,357300.0
2018-10-01,67.76290893554688,68.72568841398707,67.49861681210918,67.80066598195515,425700.0
2018-10-02,65.90341186523438,67.99888100629435,65.68631066173057,67.99888100629435,270600.0
2018-10-03,66.62076568603516,66.77178662581503,65.32761423234523,66.07329947631959,204800.0
2018-10-04,66.10165405273438,66.56416540275667,65.70521575271526,66.54529047479392,139400.0
2018-10-05,64.1949462890625,66.49806834438795,63.60972291359224,66.05443928391794,374200.0
2018-10-08,63.62862777709961,64.38374731704333,63.20386628454784,64.06282313288727,168500.0
2018-10-09,63.10000991821289,64.1005535143554,62.977304934409645,63.55308721476676,179800.0
2018-10-10,61.165016174316406,63.09057507038849,61.11781806744149,62.93011302928582,177700.0
2018-10-11,59.57925033569336,61.41042374804286,59.57925033569336,61.174447625799935,198300.0
2018-10-12,59.985130310058594,60.494836003988105,59.09786137549767,60.494836003988105,197600.0
2018-10-15,60.72138595581055,61.11782416801888,59.4376750960134,60.14560356128003,111300.0
2018-10-16,62.37321472167969,62.55255169016087,60.5231626580816,61.06118796636563,122100.0
2018-10-17,61.80686569213867,62.29769283066485,61.02342328123058,62.29769283066485,122900.0
2018-10-18,60.42876434326172,61.56145409076576,60.1078402623919,61.50482212388756,120900.0
2018-10-19,60.12672805786133,60.91960812282671,59.484872595712666,60.4287736627842,101900.0
2018-10-22,61.06119918823242,61.4953944991513,59.69253661182999,60.50429165370454,208400.0
2018-10-23,59.956817626953125,60.51372145714293,59.230010689199645,60.25886679579741,111700.0
2018-10-24,58.68254089355469,61.15557327003504,58.45600583050467,59.98513010857694,189600.0
2018-10-25,55.00131607055664,58.97515318198201,52.43389465856213,55.19009769215211,530800.0
2018-10-26,56.01129531860352,57.077908452641054,53.660971439301335,53.92526715790351,180300.0
2018-10-29,55.51102066040039,56.6342656325233,54.73701931814601,55.53933664098957,209400.0
2018-10-30,56.82306289672852,57.19118514866911,54.38778707510514,55.52047342002972,167300.0
2018-10-31,56.62483596801758,57.74808109477592,56.58707892156096,57.15342021556968,155100.0
2018-11-01,57.04014205932617,57.64424028734326,56.30389779401902,56.62482542774179,189300.0
2018-11-02,56.898563385009766,57.72920037185436,56.60595528789576,57.210053605342736,220700.0
2018-11-05,57.0967903137207,57.32332539924159,56.049055641233394,56.82305711806523,283900.0
2018-11-06,58.53152084350586,59.00347312884547,56.50212817697165,57.11566398748703,152900.0
2018-11-07,59.3149642944336,60.05120871886634,58.00293749675564,58.77693896877732,133600.0
2018-11-08,58.80525588989258,59.9001850824234,58.380498099533575,59.27720819013363,94400.0
2018-11-09,57.93687057495117,59.220581522697046,57.73864785455613,58.66367761450466,103000.0
2018-11-12,57.15342330932617,58.08789045580509,57.07791281303564,57.946303324283626,156300.0
2018-11-13,57.26668930053711,58.24835093065504,56.64371242002193,57.427154951955536,107100.0
2018-11-14,57.34219741821289,58.22002887662257,56.94575926316845,57.69144106918679,107100.0
2018-11-15,58.7014274597168,59.20169936053409,57.011840913844885,57.1534244474755,105500.0
2018-11-16,59.00346374511719,59.21112386986825,58.26721944930467,58.40880655267305,157600.0
2018-11-19,59.24888229370117,59.60756699008554,58.63534296573129,58.97514914117863,110100.0
2018-11-20,57.98405456542969,59.18281372993005,57.55929681411696,58.44656576075134,150900.0
2018-11-21,59.0254020690918,59.49874131138216,57.74738755942455,58.25859480780818,93500.0
2018-11-23,59.13901138305664,59.84902031007093,58.57100207466992,58.57100207466992,33300.0
2018-11-26,60.07621765136719,60.30342208376991,59.30941036600338,59.62181239785369,109500.0
2018-11-27,60.11408615112305,60.38862378923195,59.35674405572949,60.0667529472782,145300.0
2018-11-28,60.91875457763672,61.46782979190903,59.8774097653644,60.38861697631622,131000.0
2018-11-29,61.19329071044922,61.79916430381344,60.45488271994802,60.92822191617524,103400.0
2018-11-30,61.79917144775391,62.19677468512752,61.14596097022312,61.14596097022312,164800.0
2018-12-03,61.666629791259766,63.32331697495436,61.098624201366775,62.39557619673183,129200.0
2018-12-04,58.29645538330078,61.562492849774166,58.05031698635973,61.562492849774166,106100.0
2018-12-06,58.428993225097656,58.59939562956332,56.45990037851297,57.58645000929056,129000.0
2018-12-07,56.46937942504883,59.26207838081922,56.17590776163132,58.26806658204567,108100.0
2018-12-10,55.61736297607422,56.46937508745852,54.70855246479227,56.1759034465835,228500.0
2018-12-11,55.59843444824219,56.57351226296825,55.05882792831685,55.948704523513015,118200.0
2018-12-12,55.75936126708984,56.440967284624655,55.23868523879651,56.223231677925455,81600.0
2018-12-13,53.932273864746094,55.88242921159928,53.2033310057981,55.88242921159928,92600.0
2018-12-14,53.33585739135742,54.12159852937046,52.78678222515088,53.51572497444685,118000.0
2018-12-17,52.74892425537109,53.75240109859063,52.28505022708328,53.27906187479525,163900.0
2018-12-18,52.27558517456055,53.75240124561488,52.05784956437412,53.27906202052481,168600.0
2018-12-19,50.69462203979492,53.17491816470399,50.44848727174838,52.076771485551866,247200.0
2018-12-20,50.78930282592773,52.27558777782243,50.51476519499384,50.69463280942025,132100.0
2018-12-21,49.91835784912109,51.4519760379899,49.83315663800105,50.77036996032152,486200.0
2018-12-24,48.829681396484375,50.599969275782655,48.791813387732354,49.67222472911051,60500.0
2018-12-26,51.669708251953125,51.86850984711367,49.113675877074094,49.17047426923913,157400.0
2018-12-27,51.75490951538086,51.99157912965194,50.0414238192849,50.817699865190725,96700.0
2018-12-28,51.82118225097656,52.58798951841669,51.19637459058853,51.97265066527391,132300.0
2018-12-31,51.92531967163086,52.8530678758912,51.30051194121186,52.07678810290541,167000.0
2019-01-02,51.91584396362305,52.483849563079865,50.325423951594125,51.35730355926418,90200.0
2019-01-03,50.86503982543945,52.5595953555265,50.4295685440192,51.603447964481816,153200.0
2019-01-04,51.499305725097656,53.01398970059816,51.47090291779414,51.47090291779414,163300.0
2019-01-07,52.16198348999024,52.61639234430753,51.21530499753094,51.40464141828117,72900.0
2019-01-08,53.402130126953125,53.54413333606312,52.37025049312314,52.37025049312314,112200.0
2019-01-09,53.724002838134766,54.24467527113588,53.1086603919478,53.57253442832914,79200.0
2019-01-10,54.4434814453125,54.48134945376092,53.44000450047372,53.44000450047372,78500.0
2019-01-11,54.80321502685547,54.84108303165818,53.92280377729682,54.44347620381313,90700.0
2019-01-14,54.1216049194336,55.3428209791151,53.884935308392606,54.4340105394277,69200.0
2019-01-15,53.64826965332031,54.49081656423979,53.33586762158167,54.04587650705997,131000.0
2019-01-16,53.392669677734375,54.61388221721013,53.089732841910255,53.79974172799027,93200.0
2019-01-17,54.70854949951172,55.134555532113744,53.16546258643851,53.16546258643851,149900.0
2019-01-18,55.93924331665039,56.440981861176645,54.83162738375249,55.01149864408649,127600.0
2019-01-22,55.16294860839844,55.97709257783947,54.10266985371055,55.57948578777441,131300.0
2019-01-23,54.907344818115234,55.71201997869176,54.244669244603855,55.3428159965145,93300.0
2019-01-24,54.907344818115234,55.59841958678138,54.74641123051647,54.983080820249725,64300.0
2019-01-25,55.56055450439453,55.9960293169613,55.02094810035967,55.1250833031193,56400.0
2019-01-28,55.01148986816406,55.43749592824144,54.71801822426809,55.1913574885114,68900.0
2019-01-29,54.98308563232422,55.43749085102628,54.60441281109333,54.66121481766547,80700.0
2019-01-30,55.390167236328125,55.78777415447753,54.73696025593787,55.06829634498528,101300.0
2019-01-31,55.40909576416016,55.56056419150351,54.841090064445616,55.41856457222096,154300.0
2019-02-01,55.74989318847656,55.977097604816414,55.54162277443935,55.54162277443935,114100.0
2019-02-04,55.920291900634766,56.33682908987739,55.28601911624544,56.00549309971751,107900.0
2019-02-05,56.0244255065918,56.42202868346985,55.86348830788544,55.882422308397445,105100.0
2019-02-06,56.043365478515625,56.28003509319576,55.93923027024969,55.986563470927365,98800.0
2019-02-07,55.61736297607422,55.882431805708464,54.97362129442652,55.70256418721265,133700.0
2019-02-08,61.07969284057617,61.36369927588295,56.71550804632813,57.747387742239496,382600.0
2019-02-11,61.42049789428711,61.590900311565846,59.43247450775768,61.590900311565846,155300.0
2019-02-12,61.76129531860352,62.64170649847957,61.30689374210268,61.78969451431196,131400.0
2019-02-13,61.99796676635742,62.9257147818708,61.57196437282985,61.78969636149219,100800.0
2019-02-14,61.87489318847656,62.33876352507689,61.60982442470495,61.60982442470495,219700.0
2019-02-15,61.46783828735352,61.96010795338992,61.29743586015166,61.62877190677079,305200.0
2019-02-19,61.75183868408203,62.16837229215968,58.37219328355571,61.06076023526558,433400.0
2019-02-20,63.569461822509766,63.578930629699606,61.57196963788899,61.57196963788899,221200.0
2019-02-21,64.45934295654297,65.15989032677456,63.58840037054026,63.65466758420168,190300.0
2019-02-22,63.35171890258789,64.92320856571854,63.31385089861788,64.6013341432651,258400.0
2019-02-25,62.22517013549805,63.54105244329941,62.05476774630019,63.5221148319538,165900.0
2019-02-26,61.48675155639648,62.10209388450843,61.439421975823024,61.95062911505838,141600.0
2019-02-27,61.37316131591797,61.53409490764114,60.710482114132105,61.23115811392222,83500.0
2019-02-28,61.202762603759766,61.57196661763299,60.85248898075398,61.35422739844922,204800.0
2019-03-01,60.67262268066406,61.600370805153545,60.21822103720366,61.600370805153545,178400.0
2019-03-04,59.26206970214844,60.93769460829031,59.21473650176567,60.76729219787899,150400.0
2019-03-05,58.7508659362793,59.51767316993392,58.66566473128526,59.243139163879086,126400.0
2019-03-06,58.55148696899414,59.27305752999854,57.87739091942701,58.75087050035916,158900.0
2019-03-07,58.2381706237793,58.78883941011858,57.93435261301354,58.56097771294245,146800.0
2019-03-08,58.8363151550293,58.931256927217696,57.64002854339535,58.00081379694488,130300.0
2019-03-11,60.22248458862305,60.24147366719223,58.4945182785881,58.82681809905774,133700.0
2019-03-12,59.814231872558594,60.782649582361856,59.40597571447835,60.231980759567776,118300.0
2019-03-13,60.91557693481445,61.086467786800654,57.64003131014043,60.05159010616464,135000.0
2019-03-14,61.08647537231445,61.41878249757886,60.59277372577495,60.877606334974686,191900.0
2019-03-15,60.35540390014648,61.66561771186553,59.89967688453164,61.228879774625845,361100.0
2019-03-18,60.90608215332031,61.067483902305774,60.08956981380232,60.33642061277913,173800.0
2019-03-19,59.54838180541992,61.20988796184975,59.1401257172392,61.20988796184975,156700.0
2019-03-20,58.75086212158203,59.73826879939472,58.57046769615959,59.55787799576848,117000.0
2019-03-21,60.04209518432617,60.146529686213526,58.45654149364651,58.45654149364651,135600.0
2019-03-22,58.105247497558594,60.15602076821144,57.95333850053973,59.67180835022892,147900.0
2019-03-25,58.3236198425293,58.88378498066411,57.77294743272378,58.05777998775223,101500.0
2019-03-26,59.28254699707031,59.74777038225991,58.53249828971055,58.570472826255326,134700.0
2019-03-27,60.01360702514648,60.52630126983977,59.28254381440894,59.28254381440894,106200.0
2019-03-28,60.91557693481445,61.133942296970105,60.023108297500265,60.023108297500265,159800.0
2019-03-29,61.45675659179688,61.722596479528086,60.982040436964375,60.99152954467358,225400.0
2019-04-01,61.78903579711914,62.4536352942902,61.59914505250509,61.77953944899063,178300.0
2019-04-02,60.95354461669922,62.00741494292639,60.55478482936809,61.98842948602185,161300.0
2019-04-03,61.37128829956055,61.6846026204806,60.915564963305776,61.28584289035972,91100.0
2019-04-04,61.751075744628906,61.96944111043896,61.47573951694344,61.47573951694344,146400.0
2019-04-05,61.71308135986328,62.035884770052505,61.48521970304786,61.732066813101454,213400.0
2019-04-08,62.415672302246094,62.662526708394296,61.618152711973,61.83651806681743,134700.0
2019-04-09,62.026405334472656,62.63404134309862,61.85550725432206,62.33022333878564,151500.0
2019-04-10,62.86190032958984,63.099258361604726,61.9789281607508,62.2447679976327,129500.0
2019-04-11,63.47904586791992,63.53600948950485,62.823935245318125,63.061293326713695,68500.0
2019-04-12,64.50440216064453,65.09304527132427,63.289130552491336,63.76384647715056,234200.0
2019-04-15,64.67533111572266,64.86521467896644,63.858818755305855,64.58987844174742,159100.0
2019-04-16,64.19112396240234,64.89370189726883,64.04870765630386,64.89370189726883,167100.0
2019-04-17,64.23859405517578,64.53291575554175,63.7448851938462,64.42847762116794,121900.0
2019-04-18,64.30504608154297,64.92217121655702,64.07717713819737,64.38099515239867,106200.0
2019-04-22,63.77336120605469,63.99173380632539,63.58347765732691,63.98223745581108,82400.0
2019-04-23,63.91578674316406,64.58038650352552,63.56449415920494,63.95376490712673,200100.0
2019-04-24,64.56139373779297,64.82723361185602,64.12465576703322,64.15313757588379,128200.0
2019-04-25,62.97584533691406,63.86830676107516,60.43136651793996,63.86830676107516,229500.0
2019-04-26,60.725685119628906,62.833425848573626,60.41237436418383,62.38719153739791,150400.0
2019-04-29,59.76676559448242,60.526310730267575,59.41547664826871,60.364908973449374,163800.0
2019-04-30,60.11804962158203,60.31742952432461,59.32052638881513,59.83322067169313,254400.0
2019-05-01,59.301536560058594,60.41237415892705,59.301536560058594,60.04209616656975,321300.0
2019-05-02,60.10855865478516,60.28894948325043,59.18760818874323,59.42496625757493,125100.0
2019-05-03,60.82062530517578,61.54219581595401,59.9186675993977,60.2319783466541,309100.0
2019-05-06,60.81113815307617,61.5137159857471,58.67491198131569,60.03260038059202,165400.0
2019-05-07,59.89019775390625,60.63075386969408,59.16862709900773,60.34592487299086,244100.0
2019-05-08,58.8363151550293,59.83321825019328,58.77934791863839,59.83321825019328,152100.0
2019-05-09,58.80782699584961,58.93125419140172,57.80143121890614,58.52299807071082,205100.0
2019-05-10,58.89327621459961,59.17810876240053,57.84890227865051,58.59895456050655,180200.0
2019-05-13,56.98492431640625,59.3110340629313,56.88048618898482,58.12424374549981,238900.0
2019-05-14,57.16531753540039,57.896380836177215,56.5386923664198,56.96593762295129,183200.0
2019-05-15,57.59255599975586,57.78244316046405,56.57666385503284,56.79503282221854,103600.0
2019-05-16,57.48812484741211,58.20019907001869,57.17481407279954,57.67801203113322,181700.0
2019-05-17,56.965938568115234,57.5166110460695,56.804536813968056,56.97543129761932,445800.0
2019-05-20,56.97542953491211,57.3172257352338,56.4532425052192,56.54818790630673,153300.0
2019-05-21,57.250762939453125,57.44065011045858,56.605148731112514,57.193799323409074,158500.0
2019-05-22,56.47223663330078,57.079872767388686,56.30133851786393,57.079872767388686,130900.0
2019-05-23,55.14850616455078,56.196050160249385,54.77710426849018,56.196050160249385,173800.0
2019-05-24,55.234222412109375,55.40563925504604,54.81520548092546,55.40563925504604,107400.0
2019-05-28,54.00573348999024,55.281834570672885,53.95811851000456,55.20565132925383,100900.0
2019-05-29,53.53910446166992,54.186678395897566,53.34864089875762,53.86289142878374,454200.0
2019-05-30,53.38673400878906,53.68194907833245,53.13913028869237,53.68194907833245,130400.0
2019-05-31,53.16769790649414,53.65337649869891,52.43441561411439,52.89152594583359,130300.0
2019-06-03,53.71052551269531,54.34857432072743,53.13913477919565,53.13913477919565,138000.0
2019-06-04,55.20565032958984,55.26278685142199,54.12001282129872,54.23428949775304,90100.0
2019-06-05,55.13899230957031,55.69133264326105,54.75806518559786,55.20565401134695,85000.0
2019-06-06,54.30095291137695,55.51991385285755,53.86288927713114,55.10089693742113,140800.0
2019-06-07,54.64379119873047,55.14851657503537,54.30095749679111,54.30095749679111,258000.0
2019-06-10,55.57705307006836,56.07225685237376,54.56759878697004,54.84377075585403,98000.0
2019-06-11,55.72942733764648,56.081782573944906,55.434208628277865,55.94845916738823,146400.0
2019-06-12,56.39604949951172,56.58650943805145,55.30088668895596,55.70086055202841,121100.0
2019-06-13,56.8436393737793,57.1293365705878,56.14845036931284,56.42462238873932,186400.0
2019-06-14,56.51984405517578,57.31026655328548,55.95797855434788,56.84363101553068,117000.0
2019-06-17,55.50086975097656,56.54841753814589,55.405639785229496,56.40556895673497,110000.0
2019-06-18,56.1103515625,56.78649741315986,55.529442945394834,55.529442945394834,109500.0
2019-06-19,55.89131546020508,56.8150613367032,55.52943870331707,55.97702387795017,152400.0
2019-06-20,56.157962799072266,56.472224558318445,55.50086375492035,56.167484341502174,127300.0
2019-06-21,55.05328369140625,56.16748953093649,55.04375851530635,55.71037916347868,190500.0
2019-06-24,54.73902130126953,55.52944385297486,54.339051069893685,54.95805313742161,164700.0
2019-06-25,54.21524429321289,55.33897526929291,54.18667603149921,54.53903124619849,240600.0
2019-06-26,54.539024353027344,55.500859914653375,53.9962056523332,54.539024353027344,110400.0
2019-06-27,55.46277618408203,55.672282821079484,54.73901541542876,54.77710885226106,190600.0
2019-06-28,56.32938766479492,56.719836350367295,55.63419508612147,55.63419508612147,307300.0
2019-07-01,56.29129409790039,56.70078950292324,55.91036695697061,56.67221760603972,164300.0
2019-07-02,56.1484489440918,56.58651263998564,55.977032083474086,56.100833956762585,347700.0
2019-07-03,56.56746292114258,57.167418230194485,55.91036382152823,56.25319750258089,88700.0
2019-07-05,56.386512756347656,56.615069721618106,56.005589324616544,56.30080434846996,127200.0
2019-07-08,55.94845581054688,56.224627783438784,55.815132411989445,56.224627783438784,112400.0
2019-07-09,55.32944869995117,55.71037579955991,54.47236817501659,55.71037579955991,191000.0
2019-07-10,54.99613952636719,55.87226675863245,54.85329095759828,55.55800499324687,108900.0
2019-07-11,55.377071380615234,55.415161187142566,54.40571047475694,54.89138911129093,101800.0
2019-07-12,56.73888397216797,57.13885420788371,55.35802760225268,55.40564258753448,137300.0
2019-07-15,57.10075378417969,57.167415481980825,56.33890321445953,56.710305140148726,119400.0
2019-07-16,57.46264266967773,58.54828034626646,57.32931925434798,57.35788751969275,164200.0
2019-07-17,56.94839096069336,57.310271389934165,56.31986370611224,57.18646952125879,114000.0
2019-07-18,57.01505661010742,57.38645860902864,56.824593021924784,57.00553506545414,97600.0
2019-07-19,56.94839096069336,57.64357992160956,56.1770187494473,57.03409938780854,151800.0
2019-07-22,56.8531608581543,57.45311984657359,56.662697283584144,56.97696272654348,86800.0
2019-07-23,57.25312042236328,57.3578755504884,56.51031661607951,57.07218205828617,114400.0
2019-07-24,58.2911491394043,59.88151568323103,56.32938428544503,57.13884987218489,162400.0
2019-07-25,58.33876800537109,58.786356854997344,57.18646866142957,58.1102146250274,179900.0
2019-07-26,60.5005111694336,61.43378214663319,56.396039889026326,59.96721761993651,296000.0
2019-07-29,58.91968536376953,60.13865015130692,58.07212620881036,60.13865015130692,244800.0
2019-07-30,59.100624084472656,59.376792458022216,58.091169664465845,58.43400337815837,253700.0
2019-07-31,59.99579620361328,60.98620386995534,58.814924965622296,58.814924965622296,295500.0
2019-08-01,59.05300521850586,61.10048594796061,58.86254527417572,60.110074620374775,278600.0
2019-08-02,58.65303421020508,59.1482380511366,58.25306034019516,58.738742637150736,109600.0
2019-08-05,56.95791244506836,59.15775587709778,56.567463776364285,57.84356492358082,145600.0
2019-08-06,57.76737594604492,58.62446013048675,56.94838519930944,57.1102804931663,220600.0
2019-08-07,57.74832534790039,57.87212719573442,56.89124485382381,56.96742809132866,115300.0
2019-08-08,59.100624084472656,59.32917747174061,58.11021638553661,58.11021638553661,157200.0
2019-08-09,58.1292610168457,59.30060707465791,58.0530741353016,59.08157523940429,123400.0
2019-08-12,57.93878555297852,58.776822913991765,57.0340865006927,57.76736873748058,132400.0
2019-08-13,58.767311096191406,59.23394667394756,57.55787157097705,57.83404357346966,140300.0
2019-08-14,56.8341178894043,58.9387316270068,56.51033088109693,58.13878746723511,135200.0
2019-08-15,56.443660736083984,57.09123465593112,56.02464381321417,56.89124955406985,116400.0
2019-08-16,57.710235595703125,58.367334679165474,56.78649334756224,56.78649334756224,436800.0
2019-08-19,58.27210235595703,58.948248172953285,58.234012550338136,58.39590421439159,95300.0
2019-08-20,57.41501998901367,60.97667281446409,57.30073967736801,58.100683694937054,107400.0
2019-08-21,58.59942626953125,58.70449510109151,57.56784899642874,57.56784899642874,163300.0
2019-08-22,58.13139724731445,59.02925188144431,57.97857084908663,58.81911786117402,121600.0
2019-08-23,55.51424407958984,57.88305520201141,55.37097137306973,57.88305520201141,116800.0
2019-08-26,55.80078125,56.28791782194117,55.42826719126156,56.17329895240661,93200.0
2019-08-27,55.43783187866211,56.40254787217805,55.12262537037334,56.20196389981368,136000.0
2019-08-28,56.1446533203125,56.62223629484709,55.15128350246894,55.15128350246894,138900.0
2019-08-29,58.62808609008789,58.74270498202065,56.62223544108586,56.77506184488583,149600.0
2019-08-30,59.50683975219727,60.07994152569498,59.105671790051005,59.13432560344173,181600.0
2019-09-03,58.48481750488281,59.62146380627839,58.27467980539127,58.9146429612658,153000.0
2019-09-04,58.2746696472168,59.24893929729821,57.844847909427735,58.6949449729394,83900.0
2019-09-05,59.74562454223633,60.4333451357898,58.800012369768936,58.800012369768936,98300.0
2019-09-06,59.344459533691406,59.87935011607686,59.15342562126711,59.87935011607686,68800.0
2019-09-09,60.61483001708984,60.80586393489256,59.63101025935893,59.63101025935893,71200.0
2019-09-10,61.46492767333984,61.72282656179093,60.24231641837478,60.519315419474346,182900.0
2019-09-11,61.9043083190918,62.59202902940709,61.23569501036221,61.78013935813873,187300.0
2019-09-12,61.42672348022461,62.343681971001146,61.01600545004547,61.84699885458238,151600.0
2019-09-13,61.63685989379883,62.03802785884828,61.35986088345378,61.83744387632356,97500.0
2019-09-16,61.17838668823242,62.6684433521677,60.70080003306205,61.2930019470961,131800.0
2019-09-17,61.02555465698242,61.12107344240124,60.49066403331345,61.03510835735886,117500.0
2019-09-18,60.95869064331055,61.08286323704967,59.325357743135584,60.57662280580659,143800.0
2019-09-19,60.6339225769043,61.32163945286748,60.32826982232771,61.28343923496484,178600.0
2019-09-20,60.42380142211914,61.29300236320535,60.22321743040754,60.69125038807053,412900.0
2019-09-23,60.23276138305664,60.48110290731702,59.88890108510485,60.28051894806803,122400.0
2019-09-24,60.26141357421875,61.35985211464217,59.84114191227439,60.19455225626552,110500.0
2019-09-25,61.608192443847656,61.80877638197515,60.27095890232784,60.27095890232784,133900.0
2019-09-26,61.42672348022461,61.94251399766234,61.07331307842578,61.48403839594322,62400.0
2019-09-27,60.76765441894531,62.06668428843788,60.3951402955306,61.59864774376803,102700.0
2019-09-30,60.8631706237793,61.35985367155772,60.85361692459011,61.09240839295877,157900.0
2019-10-01,59.535491943359375,61.627300296581055,59.2011816941381,61.13061723795118,72000.0
2019-10-02,58.98149871826172,59.4972892171611,58.23647042674197,59.1820826977218,81000.0
2019-10-03,58.9623908996582,59.229836187180574,58.24601647065004,58.94328714431106,88700.0
2019-10-04,59.22027969360352,60.63392464259771,58.82866186073126,59.1343146257209,123600.0
2019-10-07,59.26803970336914,59.80293388603224,58.86687179912321,59.04835199718658,143200.0
2019-10-08,57.663360595703125,58.85731789270351,57.596499278564586,58.81911402838756,139700.0
2019-10-09,57.88305282592773,58.18870562635975,57.567849969587314,58.18870562635975,100400.0
2019-10-10,58.1122932434082,58.82866766522356,57.92125933552369,57.92125933552369,91200.0
2019-10-11,59.459075927734375,60.14679652612551,58.809562838958,58.809562838958,152100.0
2019-10-14,59.35400772094727,59.49728406167175,58.94328609745036,59.25849258957675,58700.0
2019-10-15,59.61190414428711,60.070383342669615,59.363562611539045,59.5832503330347,89900.0
2019-10-16,60.07038497924805,60.40469524219897,59.44952930862869,59.44952930862869,108800.0
2019-10-17,60.99689102172852,61.13061365611431,60.299620396953685,60.32827420613106,105000.0
2019-10-18,60.7867546081543,61.39806017416686,60.60527440689075,60.61482446225469,86700.0
2019-10-21,60.90137481689453,61.76102920877875,60.7772058761168,61.22613136136833,107000.0
2019-10-22,62.03801345825195,62.0857746613876,60.75809483238485,60.75809483238485,90200.0
2019-10-23,62.79261016845703,63.18423172244346,61.64641389491202,61.82789776503628,117400.0
2019-10-24,62.44874572753906,62.87857476739261,61.74192498151877,62.87857476739261,119100.0
2019-10-25,67.09085083007812,68.85790628904692,64.93218114120651,65.95420836354374,299400.0
2019-10-28,67.89318084716797,67.95048845818458,65.7536043962907,66.87115382246724,218800.0
2019-10-29,67.95051574707031,68.21796108900183,66.81386575652232,67.98872326553753,171300.0
2019-10-30,66.5846176147461,67.64485240405993,65.74407420073946,67.64485240405993,139000.0
2019-10-31,66.06884765625,66.35540044572073,64.81758220273078,66.35540044572073,211600.0
2019-11-01,66.05927276611328,66.83295476191608,65.88734262400854,66.45088696975701,187800.0
2019-11-04,67.00489807128906,67.32010460831246,66.0879395623161,66.2025548213512,137600.0
2019-11-05,67.386962890625,68.32302147131985,65.85869149078847,67.15771780824664,142200.0
2019-11-06,67.51115417480469,67.53025429431807,66.52733405470376,67.10998607895895,100500.0
2019-11-07,67.97917175292969,68.64779241662625,67.6544187665102,67.99827915644804,97700.0
2019-11-08,67.44425964355469,68.31345675691695,67.35829092968896,67.8549812407562,111500.0
2019-11-11,67.48246765136719,67.99825807637426,66.52730181705863,67.24367619279005,136000.0
2019-11-12,67.15771484375,67.8836429978944,66.82340822254463,67.65440521297324,104600.0
2019-11-13,66.46044158935547,67.09084726091545,66.2025427289568,66.79474817937495,151900.0
2019-11-14,66.6896743774414,66.83295070171394,66.04971505467222,66.43178282362011,92800.0
2019-11-15,66.5846176147461,67.15771572826598,66.50820258965334,67.12906191569067,172100.0
2019-11-18,67.31053924560547,67.3200929446493,66.39358089550177,66.53685723181047,89300.0
2019-11-19,67.06219482421875,67.71170790698294,66.91891848632395,67.4442626294925,84800.0
2019-11-20,66.72704315185547,67.02390337542981,66.17162112201275,66.81322554989846,126800.0
2019-11-21,66.27694702148438,66.82279068679087,65.9226246293819,66.82279068679087,104400.0
2019-11-22,66.46847534179688,66.54507946713908,66.00881405940254,66.48762454661536,85900.0
2019-11-25,67.60803985595703,67.95278399390116,66.25779807073279,66.50677426563932,76000.0
2019-11-26,67.7804183959961,68.44117927448391,67.26330213971029,67.55059138411428,96900.0
2019-11-27,67.79957580566406,68.24008062845962,67.38779844647509,67.87617993992528,69100.0
2019-11-29,67.06221008300781,67.90492139750081,67.06221008300781,67.52187146419216,26700.0
2019-12-02,66.2003402709961,67.55058945258963,66.11415788378056,67.18669608534276,74000.0
2019-12-03,65.27145385742188,65.99924059039725,65.01289208417717,65.56831404308107,89000.0
2019-12-04,65.6640853881836,66.6025573788033,65.56832472940279,65.65450713048453,92800.0
2019-12-05,66.45889282226562,66.49719853551309,65.66406571103309,65.66406571103309,161900.0
2019-12-06,66.46847534179688,67.30160091366352,66.30567422353266,67.03346820979526,176900.0
2019-12-09,66.67913818359375,66.95684911110448,66.14287283726537,66.40142725608301,157800.0
2019-12-10,66.57381439208984,66.8802528460232,66.37271484164006,66.6791532955734,86400.0
2019-12-11,66.49720764160156,66.7940678273366,66.19076919972606,66.57381177251887,81300.0
2019-12-12,67.03346252441406,67.42609059754093,66.08541988583913,66.29609765131525,191300.0
2019-12-13,66.27694702148438,67.58889039174338,66.0758474927997,67.17711307889334,184400.0
2019-12-16,65.78855895996094,66.97601424557266,65.64492165660079,66.72703074296784,165100.0
2019-12-17,65.88431549072266,66.15244815197174,65.24270398722858,65.75024916009812,127700.0
2019-12-18,66.12373352050781,66.1716101872636,64.31383039999153,65.82686603992065,139400.0
2019-12-19,66.21949005126953,66.42058957373025,65.53958005454955,66.19076259178486,207100.0
2019-12-20,66.22906494140625,66.32482557017897,65.3480481609213,66.20990843201112,560900.0
2019-12-23,65.67366027832031,66.77492606300453,65.45340419895564,66.27695897316681,95200.0
2019-12-24,66.16202545166016,66.21948767463519,65.34804913584684,65.75025547240104,65600.0
2019-12-26,66.3631362915039,66.42059121189028,66.00881390162876,66.34397978066298,43100.0
2019-12-27,66.3631362915039,66.90897995337912,66.02796310640147,66.58338502369716,93000.0
2019-12-30,66.37271118164062,66.79406677234,65.86517320524473,66.47805007931547,83600.0
2019-12-31,66.98558044433594,67.1483815533785,66.24821555046528,66.24821555046528,83900.0
2020-01-02,66.73661041259766,67.5218593472342,66.23864339683682,67.14838773844782,79700.0
2020-01-03,66.50677490234375,66.57380807947084,65.53000470619645,65.81729392592302,130200.0
2020-01-06,65.7981185913086,66.13328438106045,64.28507610492447,65.98964711835698,163500.0
2020-01-07,65.38636016845703,65.69279859367148,65.1278057152726,65.60661621129947,89700.0
2020-01-08,66.1141586303711,66.54508518345253,65.22357075540981,65.57789317656864,79900.0
2020-01-09,66.23866271972656,66.5642577567159,65.98010818670703,66.14290205216639,63200.0
2020-01-10,66.1524429321289,66.81319627919311,65.75981491908995,66.30565845243855,53800.0
2020-01-13,66.68873596191406,66.77492566413133,66.15247045858716,66.15247045858716,50500.0
2020-01-14,67.01431274414062,67.46438842297489,66.62168467439479,66.62168467439479,71000.0
2020-01-15,67.40695190429688,67.98152313086915,66.98559626197809,66.98559626197809,65700.0
2020-01-16,68.22091674804688,68.46990024919762,67.79956848387056,67.97194055296441,103200.0
2020-01-17,68.17302703857422,68.3932757310108,67.3398943130179,68.05810991247672,81700.0
2020-01-21,67.35904693603516,68.3549734946038,67.07176506529842,68.04853511551092,246500.0
2020-01-22,66.80363464355469,67.7325280662514,66.6791392532546,67.7325280662514,77300.0
2020-01-23,66.6025619506836,66.88026568838968,65.55875097193244,66.77493407074935,135100.0
2020-01-24,65.56830596923828,66.78448133053367,65.1182229650677,66.78448133053367,61100.0
2020-01-27,64.73519897460938,65.24273709899585,64.49579364755381,64.59155431716188,54400.0
2020-01-28,64.67772674560547,65.14695901550806,64.37128830112864,64.9458594712641,59700.0
2020-01-29,64.63941192626953,65.60661109856899,64.39042844203973,64.87881715562608,82200.0
2020-01-30,64.80220794677734,64.83093540631255,62.2453617631918,64.09357048932621,76600.0
2020-01-31,62.6762924194336,64.80221223865561,62.3219773202756,64.40001316638889,147200.0
2020-02-03,63.0114631652832,63.54772857408908,62.48476870587155,63.001884909820745,111800.0
2020-02-04,63.1646842956543,64.11272710017725,62.93485728675426,63.78713944640793,107700.0
2020-02-05,64.07440948486328,64.38084784025094,63.18382187294501,63.806269531090734,157500.0
2020-02-06,64.69686889648438,64.99373635843348,63.82543763312749,64.44789271042127,106500.0
2020-02-07,61.0674934387207,64.73518007907332,58.70216832885462,58.778779764607286,153200.0
2020-02-10,59.99496078491211,61.36435919100784,59.76513012350374,61.19198710821016,108100.0
2020-02-11,59.50656509399414,60.57909953235957,59.45868477722528,60.17690048786029,117300.0
2020-02-12,60.29181671142578,60.36842814415557,59.5352952518729,59.75555129445396,164300.0
2020-02-13,60.83765411376953,60.94299299639915,59.89918607775793,59.89918607775793,72300.0
2020-02-14,60.1098747253418,61.124954369957806,59.73640309424788,60.77063194550532,188900.0
2020-02-18,60.72275161743164,60.89512370146496,59.87046945361938,59.87046945361938,225800.0
2020-02-19,61.96764755249024,62.1783253194278,60.87596031114797,60.87596031114797,86800.0
2020-02-20,62.762474060058594,62.78162326320495,61.546291437338965,61.62290286205955,145000.0
2020-02-21,62.64756774902344,63.04976683920864,61.38350824696364,62.70502998052765,129900.0
2020-02-24,61.01002883911133,61.536723275330864,60.45461059687158,60.808929319664216,401000.0
2020-02-25,58.97030258178711,61.04833838593833,58.69259161671503,61.04833838593833,94900.0
2020-02-26,58.07971954345703,59.918350250312216,58.07971954345703,59.35335367107421,97700.0
2020-02-27,57.65835571289063,59.31503949475642,56.30811033847781,56.959292867573886,234900.0
2020-02-28,56.50921630859375,57.44768814820233,55.71439274011163,55.74312020251629,245000.0
2020-03-02,58.86495590209961,59.44910521583844,55.71438237087349,56.92098305675068,268300.0
2020-03-03,56.36557388305664,59.10437058772415,55.580324938044406,58.67344039764809,152800.0
2020-03-04,57.037967681884766,57.37416170843469,55.74121144182066,57.24928807104183,120100.0
2020-03-05,54.7518310546875,56.37517349841073,54.04101619715067,55.760416683373286,100200.0
2020-03-06,54.21392822265625,54.982378064633735,52.77309026530908,53.02283756322389,114500.0
2020-03-09,48.143184661865234,50.96722862553962,47.90304506845017,50.96722862553962,181000.0
2020-03-10,49.6224479675293,50.44852879728663,47.595669109459465,49.83377199306896,373500.0
2020-03-11,48.41214370727539,48.82518410287247,47.35552729314171,48.2392429061306,139500.0
2020-03-12,46.0107536315918,47.317110114081615,43.38842570115474,45.885880000561485,218400.0
2020-03-13,49.11334991455078,49.37270111115198,46.0587740402336,47.97028312239299,442800.0
2020-03-16,45.06940078735352,47.979895387198304,44.10884233581497,44.54109437185525,226400.0
2020-03-17,46.500633239746094,48.70991688592164,43.100255533483775,45.78981839249051,436700.0
2020-03-18,39.651851654052734,46.41418402327962,39.37329248830037,44.0416034785881,200200.0
2020-03-19,39.04670715332031,43.18671222551685,38.02851375476258,38.94104512483676,305200.0
2020-03-20,41.486515045166016,42.619974224849855,38.41273116558892,39.046699548781625,437000.0
2020-03-23,42.18772506713867,43.9263371684829,40.112918976365286,41.5825758861662,308200.0
2020-03-24,47.4035530090332,47.90304378971171,43.82067081063171,43.98396763519935,314300.0
2020-03-25,46.14523315429688,48.805980750571365,44.70439534388225,47.49962054951703,422400.0
2020-03-26,49.92021942138672,50.37167936143283,46.64471554200842,46.64471554200842,246700.0
2020-03-27,47.518821716308594,49.62244313805203,45.29032668578684,47.26907449875194,306300.0
2020-03-30,49.65126037597656,50.08351237140513,47.509215670007606,48.19121122710637,150500.0
2020-03-31,48.65229034423828,49.83377688025717,47.5572505570657,49.17098915851588,210400.0
2020-04-01,44.90611267089844,47.8166039345517,44.69478861518443,46.750383346889386,171200.0
2020-04-02,45.94351577758789,46.72156583379545,43.618962253421216,44.64675957684203,166300.0
2020-04-03,44.66595458984375,47.46117869825152,43.10024375780436,45.38637321226059,242500.0
2020-04-06,48.066349029541016,48.65229031069501,45.626529519002055,45.626529519002055,234300.0
2020-04-07,47.826210021972656,49.65126902790456,47.36514236791913,48.97888098922648,249500.0
2020-04-08,49.01729202270508,49.67047200176973,47.66290487934091,48.786760067881886,162000.0
2020-04-09,51.24578857421875,51.29381942504792,49.73771219701741,50.01627500917293,168900.0
2020-04-13,48.26806640625,51.30343123169532,47.874237553286015,50.88078679522472,151900.0
2020-04-14,49.95864486694336,50.10273010445011,47.77818034473714,49.14217162571124,166900.0
2020-04-15,49.02689743041992,49.50717658942269,48.11436629546682,48.37371748103702,188300.0
2020-04-16,48.86360168457031,49.96824524024324,47.87422776784294,49.31506527650888,174700.0
2020-04-17,50.79432678222656,51.15933631847067,49.5263900481676,50.49655237337964,128200.0
2020-04-20,48.49859237670898,50.17956947787311,47.63408840184315,49.67047106412355,104100.0
2020-04-21,47.07696914672852,48.04713525637641,46.46221231032261,47.01933798346533,154500.0
2020-04-22,46.19325637817383,48.7579457014428,46.11640994272141,48.21042767368336,148100.0
2020-04-23,47.22105407714844,49.2670446372389,46.62550885377216,46.62550885377216,162700.0
2020-04-24,48.114376068115234,48.575443714697954,46.69274990842519,47.66291239439801,93400.0
2020-04-27,49.94903564453125,50.65024282060151,48.268058483417214,48.268058483417214,88100.0
2020-04-28,49.68009185791016,51.12092975481716,49.6032454112398,50.80394365866229,128200.0
2020-04-29,51.38987350463867,52.244769879465565,50.06430190974693,51.22658033831868,140100.0
2020-04-30,49.5648193359375,50.60222432085342,49.34389131083282,50.60222432085342,199500.0
2020-05-01,46.61589813232422,47.49000613262135,43.64777252002041,45.79942495534232,204000.0
2020-05-04,45.223087310791016,46.097195232451696,44.07041659785933,46.097195232451696,185200.0
2020-05-05,45.63612747192383,47.16341545776642,45.29032952967222,45.81863591103826,177400.0
2020-05-06,44.56991195678711,45.79942555639848,44.25292592075255,45.79942555639848,127200.0
2020-05-07,44.34898376464844,46.788803210876665,44.14726736098323,44.762024208861874,138400.0
2020-05-08,46.52944946289063,46.73116951988913,45.069400196000494,45.25190864451154,144800.0
2020-05-11,46.27009582519531,46.61589743140825,45.18466748420848,45.559284669526015,224300.0
2020-05-12,43.0810432434082,46.519844111687824,43.03301605573314,46.519844111687824,253600.0
2020-05-13,41.188751220703125,42.64880064119477,40.81413397638593,42.51431936763472,127200.0
2020-05-14,41.08308410644531,41.092688078390026,39.14275565628981,40.29542649435362,129900.0
2020-05-15,41.16954040527344,41.70745085294178,40.71807671020312,40.842950348800464,127700.0
2020-05-18,44.67557144165039,44.80044506486409,42.9657785906429,43.02341341618145,131500.0
2020-05-19,43.46527099609375,45.32875311856791,43.46527099609375,44.406617861935736,117200.0
2020-05-20,44.70439147949219,45.636130691334586,44.0704230442816,44.358589848606464,108600.0
2020-05-21,43.95224380493164,45.003314074016416,43.9040264676442,44.93581421597366,112700.0
2020-05-22,43.971527099609375,44.89724628621221,43.47010062488533,44.19331655532935,142600.0
2020-05-26,47.11510848999024,47.40439413109658,45.12867404505139,45.53367688537348,338800.0
2020-05-27,49.27510452270508,49.52582140766489,47.87689017210345,48.01188987394367,216200.0
2020-05-28,47.55867767333984,50.04654215507124,47.20189218976584,49.95011116054697,238200.0
2020-05-29,47.90583038330078,48.21440226350989,46.00618175700906,47.0861870162079,339500.0
2020-06-01,47.65510940551758,48.330111715873535,47.10546556042677,48.18547072838297,219100.0
2020-06-02,47.98297500610352,49.04369414017526,47.77083412206296,48.11797843217854,179600.0
2020-06-03,48.97618103027344,49.52582481325626,48.224034002139376,48.908681174711774,221500.0
2020-06-04,50.09476089477539,50.76976321105309,48.30118467781085,48.44582934503703,147300.0
2020-06-05,51.91725540161133,53.132256413484406,51.11689476036791,52.16796861158112,209300.0
2020-06-08,52.18726348876953,53.02619666445148,51.9654776988605,52.62119380749008,105600.0
2020-06-09,50.933685302734375,51.38690178144518,50.142969538898285,51.27118458785967,180700.0
2020-06-10,49.74761581420898,50.750476171624285,49.27511309708191,50.750476171624285,104300.0
2020-06-11,45.97725677490234,48.04083271463068,45.82297082646846,47.85761930038644,142200.0
2020-06-12,46.40153121948242,48.03118007207109,45.350457295288415,48.03118007207109,145900.0
2020-06-15,48.10831832885742,48.2722491696205,44.80081084101984,44.95509674372658,121600.0
2020-06-16,48.8218994140625,50.13333160053074,47.95403879699776,49.87297341541132,152100.0
2020-06-17,48.87975692749024,49.6994039267182,48.60975746718617,49.06297399995379,93800.0
2020-06-18,48.56153869628906,49.06296884016773,47.80939531970424,48.47475263910879,77100.0
2020-06-19,46.77760314941406,49.17868157420947,46.565462318490255,49.17868157420947,305700.0
2020-06-22,46.825828552246094,46.854756016340126,45.46618256282223,46.4401118648132,128700.0
2020-06-23,47.32725143432617,47.712964383470165,46.86439000980718,47.47189241083028,96200.0
2020-06-24,46.19903945922852,47.04761395723522,45.82296771535819,46.671542213364894,94400.0
2020-06-25,45.93867874145508,46.14117833425913,44.89724963670088,45.96760620372231,84600.0
2020-06-26,45.04188919067383,45.87117741492138,44.78153100316821,45.4565333027976,365500.0
2020-06-29,47.2886848449707,47.6647565799322,45.263677818957255,45.7168943603041,140600.0
2020-06-30,48.040828704833984,48.416900442848,47.05725448623824,47.05725448623824,177500.0
2020-07-01,46.9222526550293,48.956900868174486,46.845111529932815,48.37832587685072,162900.0
2020-07-02,47.25010681152344,47.9926089314062,47.07653469630584,47.89617793491509,93200.0
2020-07-06,47.23082733154297,48.127615494927134,47.1440412615875,48.08904309084317,92400.0
2020-07-07,47.182613372802734,48.06975659042584,46.58475582707991,46.58475582707991,167400.0
2020-07-08,45.93867874145508,47.134397454212426,45.36974868657699,46.94153912267521,129200.0
2020-07-09,44.90688705444336,46.38224635926545,44.57902902243107,45.83260255243109,106000.0
2020-07-10,46.51725387573242,46.71010852938196,44.86831863068178,45.14796302832703,94100.0
2020-07-13,46.42082214355469,47.31761024715611,45.85189209587708,47.01867965313342,125600.0
2020-07-14,47.85760498046875,48.30117648968262,46.43045946486801,46.65224521947494,268100.0
2020-07-15,48.6676139831543,49.25583022084086,48.28189733200903,48.78332750711124,157200.0
2020-07-16,48.7447509765625,49.5547529325695,48.2626070427123,48.38796549548391,121800.0
2020-07-17,49.16904830932617,49.67047484829444,48.580832021979774,48.580832021979774,100300.0
2020-07-20,47.404396057128906,49.08225872926338,46.92225207620674,48.71582827379187,87700.0
2020-07-21,48.79296875,49.17868540100234,47.770825878237005,47.91546686351293,169100.0
2020-07-22,47.80939865112305,48.947255055655845,47.27903733225045,48.31082515147537,142300.0
2020-07-23,48.45547103881836,48.52297090320207,47.21153866066146,47.76118251548117,109000.0
2020-07-24,49.37154006958008,49.98868372269905,48.94725104921104,49.19796795733208,182800.0
2020-07-27,49.88261795043945,50.152617414152026,49.17868814971253,49.52583241932401,142000.0
2020-07-28,49.23654556274414,50.37440567295226,48.80261523622974,49.73797575355337,98100.0
2020-07-29,50.96261215209961,51.09761554300065,49.28475332831573,49.49689783555109,140600.0
2020-07-30,50.96261215209961,51.17475665933497,50.31654104874288,50.86618483706514,139600.0
2020-07-31,50.133331298828125,51.05904683248184,48.74475431988101,49.17868462580199,185000.0
2020-08-03,50.490116119384766,50.88547401975642,49.872972438655005,50.67332950008064,156700.0
2020-08-04,52.37047958374024,52.59226536953256,50.60583087985365,50.60583087985365,256800.0
2020-08-05,52.65011215209961,52.95868395231895,51.65689690004773,52.62118469534968,261000.0
2020-08-06,52.36083221435547,52.69833518630672,52.20654629755291,52.457263211398576,141000.0
2020-08-07,54.70405578613281,54.75226944866577,51.975122759327455,51.975122759327455,164400.0
2020-08-10,55.98655700683594,56.950844910428565,54.95476924426914,54.95476924426914,363700.0
2020-08-11,56.47834396362305,57.6837038803445,56.09262731888557,56.76762960794289,204600.0
2020-08-12,57.03763198852539,57.809061589496686,56.31441604790233,57.24013156906789,209400.0
2020-08-13,56.42049026489258,56.815848204785205,56.14084953555403,56.815848204785205,118400.0
2020-08-14,56.55548858642578,56.82548802981455,55.97691362113574,56.09262714280714,120300.0
2020-08-17,56.25655746459961,56.642274104429546,55.97691308464623,56.63262916527722,137600.0
2020-08-18,55.50441360473633,56.13119854119914,55.3211965470207,56.13119854119914,179500.0
2020-08-19,56.34597396850586,56.49107237318241,55.64950753006757,55.79460593474411,141700.0
2020-08-20,55.610816955566406,56.055779977648186,55.28193044141778,55.80427657211977,142300.0
2020-08-21,55.53342819213867,56.22989459510752,55.194870185143,55.48506328971151,180300.0
2020-08-24,56.54910659790039,56.66518679315839,54.87565586132272,55.92035547861129,139800.0
2020-08-25,56.616825103759766,56.93604014463471,56.22990214240331,56.93604014463471,104900.0
2020-08-26,56.23957443237305,56.819964417509546,55.76559315235128,56.66519449280769,143800.0
2020-08-27,56.85865020751953,57.14884702506512,56.394340465454725,56.616821986235415,147100.0
2020-08-28,57.15852355957031,57.19721696398172,56.60715546172929,57.13917685736461,91300.0
2020-08-31,57.06178665161133,57.70988448998253,56.88767004339102,57.28426816433603,173800.0
2020-09-01,57.86465072631836,58.22255542494502,56.28792984749538,56.83929784186809,161600.0
2020-09-02,58.80294799804688,58.89967780533538,57.38099695287109,57.8356351651394,144800.0
2020-09-03,57.59381103515625,58.89001047063696,57.04244297655681,58.31929571120875,169000.0
2020-09-04,56.984405517578125,58.34831662422846,56.25892080787037,58.34831662422846,113900.0
2020-09-08,55.67852783203125,56.6264939627809,55.39800622568542,56.6264939627809,114600.0
2020-09-09,56.41368865966797,56.7329036914179,56.09447731792395,56.09447731792395,104800.0
2020-09-10,56.191200256347656,56.78126165009396,56.0170836585207,56.413681755792,155700.0
2020-09-11,55.92036056518555,56.54911174166651,55.504415719356864,56.316958710044766,108900.0
2020-09-14,54.53710174560547,56.674862345892905,54.266251627329616,56.065454192279525,257100.0
2020-09-15,55.63016128540039,55.83329979161123,54.362983792877934,54.76925342528813,158300.0
2020-09-16,56.76192092895508,57.92269714003916,55.6495096245816,56.26858928649156,285500.0
2020-09-17,56.87799835205078,57.11982657947447,55.794608926394304,56.25891868024708,228000.0
2020-09-18,55.20454788208008,57.07146210722889,54.39200488413964,57.07146210722889,493000.0
2020-09-21,53.444034576416016,54.275924211807286,52.43802833408212,54.275924211807286,201800.0
2020-09-22,53.99540328979492,54.06311489446816,52.9507073248323,53.67619196633618,151700.0
2020-09-23,52.52508544921875,54.96271420126056,52.49606724538671,54.10180638085804,210500.0
2020-09-24,52.815277099609375,53.56978358846469,51.53842450616865,52.379989294122446,272300.0
2020-09-25,53.47306060791016,53.71488885406026,51.8576496948304,52.41868930709544,138500.0
2020-09-28,54.62415313720703,55.030422728173576,53.23122039102376,54.063109961104246,137900.0
2020-09-29,56.10414123535156,57.05210731687237,55.51407984919958,57.05210731687237,294500.0
2020-09-30,55.5044174194336,57.07146334589896,54.90468074102829,55.920362278002486,211400.0
2020-10-01,56.645843505859375,56.65551501104396,55.649508731580624,55.9300303520089,224300.0
2020-10-02,57.27458953857422,57.60347603551103,55.194869249419625,55.68819714982211,197700.0
2020-10-05,58.03877258300781,58.53210052636084,57.56478764997737,57.56478764997737,197800.0
2020-10-06,57.97106170654297,59.24791442424041,57.75825169025811,58.831969586959566,414600.0
2020-10-07,59.770263671875,59.90568688451791,57.19721156164245,58.51275766732631,247900.0
2020-10-08,60.69888305664063,60.78594136320656,59.19954883467695,60.44738333212004,152600.0
2020-10-09,60.33130645751953,60.96973284421264,59.7702668764891,60.91169642997162,90800.0
2020-10-12,60.79561996459961,61.15352842781655,60.2635985579337,60.36033207096782,85000.0
2020-10-13,60.34098052978516,61.240581833831776,60.060458899489774,60.32163382872969,148100.0
2020-10-14,60.38934326171875,61.01809810834796,60.14751504224687,60.50541977386363,103400.0
2020-10-15,60.39901351928711,60.60215202385184,59.39301095146857,59.67352887585714,216600.0
2020-10-16,60.27326583862305,60.87299878064752,59.925032617445694,60.2829373436532,243700.0
2020-10-19,59.847652435302734,61.02777543979269,59.54778777613349,60.55379046077432,203900.0
2020-10-20,59.55744934082031,60.30228064637453,59.19954463477665,60.12816404559533,129100.0
2020-10-21,60.21522521972656,60.5828051378036,58.27092800490898,59.83797379670269,139600.0
2020-10-22,60.47640228271485,60.55378539505693,59.4220310857623,60.3603257691988,154900.0
2020-10-23,60.756927490234375,61.05679214200684,60.23457761359026,60.59248237054742,113200.0
2020-10-26,59.90568542480469,60.57312996656938,59.257583892941255,60.19587854339779,130300.0
2020-10-27,60.55377960205078,60.81495449998042,59.422025401027824,59.7025469976936,170700.0
2020-10-28,58.05812072753906,59.67353150008021,57.79694580161807,59.43170327496884,305200.0
2020-10-29,59.489742279052734,59.82830031195559,57.30361678801042,57.69053972704143,127300.0
2020-10-30,60.91168975830078,62.05311918676229,59.45104532645342,61.56946277436354,229400.0
2020-11-02,61.656524658203125,62.84631905902588,60.0604569285596,61.21155792854117,211300.0
2020-11-03,64.44239044189453,64.85833529950253,62.29495454354682,62.51743238598132,163600.0
2020-11-04,62.60449981689453,64.07481235965899,61.84032164571648,63.98775773029053,114600.0
2020-11-05,63.74590301513672,64.32628911005257,62.8269515998445,62.8269515998445,99500.0
2020-11-06,63.76525115966797,64.25858270111245,62.88500044376762,64.25858270111245,99900.0
2020-11-09,68.70823669433594,69.77227944841451,66.42537757394307,68.27294882494398,311500.0
2020-11-10,70.62352752685547,70.67188875112858,68.67922623876295,69.09517114357851,176500.0
2020-11-11,69.08549499511719,70.83633660197503,68.10851414611109,70.34300488910236,176600.0
2020-11-12,67.51844024658203,69.07581453389226,66.84131681991897,69.07581453389226,103000.0
2020-11-13,69.82064056396484,70.01410017851276,67.62484368079994,67.79895290588632,109700.0
2020-11-16,72.05514526367188,72.25828011359613,69.23059299804018,71.02979581738387,126900.0
2020-11-17,71.80364227294922,72.43238977546977,70.120512455706,71.46507684234645,184500.0
2020-11-18,72.28730010986328,72.92572282022103,71.6005014199155,71.89069825735857,133000.0
2020-11-19,71.7843017578125,72.77096521815358,70.0624856807615,72.17122846029895,93500.0
2020-11-20,72.03579711914062,72.21958894265246,70.72025090666176,71.3876992088787,157700.0
2020-11-23,72.86767578125,72.89669398476127,71.11683457595564,72.35500117252137,95900.0
2020-11-24,75.3509292602539,76.0590450055159,73.56609393284914,73.86680426882555,182800.0
2020-11-25,72.98407745361328,75.17631795918355,71.94615955329928,75.16661571694442,121800.0
2020-11-27,71.96556091308594,73.09077674276877,71.55814816379876,73.0325780931458,73700.0
2020-11-30,70.8791275024414,72.12074782623591,70.69482194165785,71.3641359039637,164500.0
2020-12-01,71.09254455566406,72.37296665889086,70.92764344706596,71.76185863256971,115000.0
2020-12-02,70.66572570800781,71.43203990395885,69.55990709629144,71.02463460504045,150100.0
2020-12-03,71.0537338256836,71.70364333503426,69.67631168330546,70.82093185529435,58300.0
2020-12-04,71.53875732421875,71.95586495108398,69.7636243493754,71.27685597741629,64600.0
2020-12-07,71.17984008789062,71.87825346579992,69.54051649875332,71.67455079735002,86400.0
2020-12-08,71.35445404052734,72.01406595098942,70.68514728772769,70.68514728772769,92600.0
2020-12-09,71.42235565185547,72.3632734129868,70.9470493500727,71.92676868287002,81000.0
2020-12-10,71.19924926757812,72.04315932101824,70.51053808577662,71.24774567718414,83800.0
2020-12-11,72.28567504882812,72.40207977152215,71.00525270176816,71.00525270176816,98700.0
2020-12-14,71.0537338256836,76.27242178236986,71.01493226384518,73.20717240354752,148700.0
2020-12-15,72.1983642578125,72.34386828522388,70.56873543221806,71.34475197798389,147500.0
2020-12-16,72.96469116210938,73.26539411021801,71.66486433357628,72.10137649119322,186000.0
2020-12-17,75.2054214477539,75.23452077543946,72.62517991751552,73.01318082084676,163500.0
2020-12-18,75.85533905029297,76.58285192123815,74.49732094504354,75.45763586251095,458100.0
2020-12-21,74.68161010742188,75.95233746685307,73.58549351249037,75.08902289018327,110200.0
2020-12-22,73.51759338378906,74.5943129053858,73.09078351197981,74.5943129053858,97000.0
2020-12-23,73.32359313964844,74.14811364130053,72.89679062420326,73.70190663840937,66000.0
2020-12-24,73.79889678955078,74.177202835975,72.79007819887204,73.67278984031434,42800.0
2020-12-28,74.06079864501953,74.89501388157163,73.71159192271202,74.37120379811036,100900.0
2020-12-29,73.75040435791016,74.4876194803591,72.67368470559778,74.4876194803591,108500.0
2020-12-30,74.05110168457031,74.41971291810026,73.19748930284358,73.69220009484039,82400.0
2020-12-31,74.5361099243164,75.08902677231845,73.26538989983118,74.1287045211347,94700.0
2021-01-04,74.10929870605469,75.81653066197313,72.88707523983472,75.02110963425109,123900.0
2021-01-05,74.54580688476562,75.71952659683843,72.95497955595266,73.61459142892213,160000.0
2021-01-06,77.3685531616211,78.38706650764408,75.34121390986536,75.34121390986536,235700.0
2021-01-07,76.76715087890625,78.23187873730244,76.24334076926834,77.56256458599128,87400.0
2021-01-08,76.69923400878906,77.3879451019492,75.67101848951356,76.78653937587097,105600.0
2021-01-11,76.84476470947266,77.05816968018995,75.96204549435002,75.96204549435002,87400.0
2021-01-12,77.99907684326172,78.46468089663398,76.51494449644977,76.90295280802198,101100.0
2021-01-13,76.65074157714844,78.28037046492514,76.233633962996,78.2415762967346,112300.0
2021-01-14,78.20276641845703,78.61017174695166,76.91264214424892,76.91264214424892,125900.0
2021-01-15,77.63044738769531,78.1348602944852,75.78741389099308,77.52374494205289,99000.0
2021-01-19,78.07665252685547,78.7556687478256,77.71775103638488,78.55196610172689,117400.0
2021-01-20,79.15338897705078,79.85180242989344,78.18337193713437,78.18337193713437,107500.0
2021-01-21,77.74687957763672,79.57050923808758,77.74687957763672,79.08550064109751,82700.0
2021-01-22,77.95056915283203,78.22217273723368,75.79713016130098,76.8738496570665,84600.0
2021-01-25,77.95056915283203,78.46467699482695,76.63134539947323,77.49465996445387,67400.0
2021-01-26,76.35973358154297,79.80328922767862,76.24332888621825,78.6974705243402,88300.0
2021-01-27,73.43998718261719,75.48672367255743,72.33416837960067,74.94351651336126,128900.0
2021-01-28,71.85884857177734,74.52639485536217,71.61634436417872,74.52639485536217,142500.0
2021-01-29,69.54052734375,71.79096668983982,69.42412262906424,71.79096668983982,110500.0
2021-02-01,70.54933166503906,71.00523338679406,68.80329830280579,70.15162118783643,110600.0
2021-02-02,72.79978942871094,73.49819555403965,70.7239533379844,71.45146619409819,101300.0
2021-02-03,71.18954467773438,72.66397461321095,70.27772635975919,72.36326432074385,126600.0
2021-02-04,73.1974868774414,73.57579294094991,70.4038403929226,71.3544529727901,159400.0
2021-02-05,74.46820831298828,74.74951415554101,72.96468627255646,73.58549661452004,142700.0
2021-02-08,76.99993896484375,77.0387405289747,74.29359092200336,74.95320271094627,144600.0
2021-02-09,81.0061264038086,81.2098290974539,76.29184292046612,76.68954606501856,197400.0
2021-02-10,82.12163543701172,82.74244566950811,81.14191628234266,81.96642917856676,214600.0
2021-02-11,83.0140609741211,84.06168116501951,81.74333360528138,82.87825917907605,273800.0
2021-02-12,83.42146301269531,85.55549747834448,79.90030392418144,79.90030392418144,219700.0
2021-02-16,84.98318481445312,86.01140040396652,82.1119355564474,83.16925047009542,219000.0
2021-02-17,82.96556091308594,84.97349600278663,82.07314696225076,84.30418923998181,113400.0
2021-02-18,82.41263580322266,83.40205719599452,81.17101534225867,82.43204028578619,99800.0
2021-02-19,83.64456176757812,84.37207445322665,82.37383457754233,82.43204062483059,101200.0
2021-02-22,84.01316833496094,85.49729307911883,82.97525049815077,82.97525049815077,132600.0
2021-02-23,82.16043853759766,83.78037258359032,80.70541300930034,83.42146362237901,184500.0
2021-02-24,83.71246337890625,85.13838203855966,82.90734755701087,82.90734755701087,166100.0
2021-02-25,83.08195495605469,84.81828622033616,81.86943374362144,83.45055874040321,124700.0
2021-02-26,83.19834899902344,84.29447286856349,81.27771961807677,83.05285237974101,135700.0
2021-03-01,85.04138946533203,85.72040581251619,83.75126506626034,84.12957850863926,125900.0
2021-03-02,84.9346923828125,86.75832921301011,84.88619596964011,85.08019642361552,122000.0
2021-03-03,86.28626251220703,88.21151711604082,85.04165677246758,85.35280820740243,119600.0
2021-03-04,85.03192138671875,87.30722201947424,84.75966483988731,86.32514740260265,168300.0
2021-03-05,85.35279083251953,87.14191678301722,84.30265217147308,86.39320392676909,271100.0
2021-03-08,85.91676330566406,87.18082004766268,84.89579382801637,85.68340160904886,138600.0
2021-03-09,87.4627914428711,88.3768018962101,85.4111344157597,86.0917831812969,143400.0
2021-03-10,88.56156158447266,89.24220301611957,87.82257415980227,87.84201787851994,85200.0
2021-03-11,89.28109741210938,89.34916155492348,88.00732241725903,88.50321513557523,92300.0
2021-03-12,90.4576416015625,90.94381618389352,88.77548170102095,89.27137443372511,80400.0
2021-03-15,90.32149505615234,90.8271206739031,88.75601262398779,90.09785894780536,65100.0
2021-03-16,89.76725769042969,90.83684008657264,88.53237774782811,90.18536804928232,119900.0
2021-03-17,89.91311645507812,90.37983983756358,88.48376218665194,89.69919848042463,174200.0
2021-03-18,88.97967529296875,90.63266592702468,88.59073413835692,89.91312961297587,133000.0
2021-03-19,87.44335174560547,89.242196032856,85.58616146989708,88.60044950729676,414500.0
2021-03-22,84.79854583740234,87.30720775493498,84.25403283270377,87.30720775493498,112200.0
2021-03-23,82.21211242675781,85.18749804748587,81.96902517229482,84.10819004419545,104400.0
2021-03-24,82.65939331054688,84.58464024012085,81.79400326530015,82.66911145959683,177700.0
2021-03-25,83.53450775146484,83.9623362751273,80.75358896470453,82.45519974730934,224900.0
2021-03-26,85.30416870117188,86.02370477998264,84.09845077421721,84.35126355482811,145300.0
2021-03-29,84.52630615234375,86.95717886186884,83.98179303930925,85.45003481458937,179200.0
2021-03-30,86.86966705322266,87.48225174826607,83.74842725985339,84.74995308762824,104900.0
2021-03-31,86.35431671142578,87.8031221364407,85.43058808178283,87.11274778307948,160500.0
2021-04-01,86.92800903320312,87.5794811348613,85.55699327274799,86.15985237158024,66500.0
2021-04-05,87.2197036743164,88.12398855496428,86.64602131633991,87.80311901803833,103100.0
2021-04-06,86.49044036865234,88.47403321395711,85.00274758928231,87.41417636742754,93800.0
2021-04-07,84.7596664428711,86.83077470467201,84.53603031164491,86.60713115501117,77000.0
2021-04-08,85.97509765625,86.30570017712995,83.96233550293178,84.80828181199726,100700.0
2021-04-09,86.61685180664062,86.82104420903634,84.16652814102349,85.9945490321677,96500.0
2021-04-12,87.42389678955078,87.99757910352115,85.7028350107723,86.8404814905816,90400.0
2021-04-13,86.28626251220703,87.81285039898674,86.18902907974652,87.26833724245957,94700.0
2021-04-14,86.54878234863281,87.47251088623511,85.76117465248687,86.10150272064605,57200.0
2021-04-15,86.7627182006836,87.51142378450616,85.99456147947403,87.40446478418362,74500.0
2021-04-16,86.77243041992188,87.73506135702767,86.19874801961775,86.32515073025218,89100.0
2021-04-19,85.81952667236328,87.05440666494725,84.94441106975866,87.05440666494725,106900.0
2021-04-20,84.27349090576172,86.11123002818509,83.69980852355216,85.53754764597554,106400.0
2021-04-21,84.78882598876953,85.73200566296043,83.92343601147626,84.34154635925881,111300.0
2021-04-22,84.31238555908203,86.02372197081593,83.89427516923894,84.75966523358763,103000.0
2021-04-23,85.73200988769531,86.58768175886786,84.72076603349497,84.72076603349497,85000.0
2021-04-26,84.2345962524414,86.41266348437222,83.93317041825836,86.40293791662724,70800.0
2021-04-27,84.16653442382812,85.69312219054305,83.93317272058951,84.26377526707611,117700.0
2021-04-28,84.8763427734375,85.91675587817856,84.01095278063578,84.54574026491478,88300.0
2021-04-29,85.85841369628906,86.72380365263017,85.22638540655709,85.80006771581156,99700.0
2021-04-30,85.84869384765625,87.12246866001004,82.4260212234022,86.15984523000351,238200.0
2021-05-03,92.00366973876952,93.23854976758298,87.76422728927004,88.48376350877312,333600.0
2021-05-04,94.9110107421875,94.9110107421875,90.58405955361712,92.25649402959716,208200.0
2021-05-05,95.49440002441406,95.73748728873193,93.64693533191144,95.6402538666917,158700.0
2021-05-06,93.72472381591795,96.0097425870508,92.26620024901176,95.52356806474872,231000.0
2021-05-07,97.7016372680664,97.79887069083246,93.10242292872915,93.10242292872915,107900.0
2021-05-10,95.01795196533205,98.13919157858496,95.01795196533205,98.1100222935395,109300.0
2021-05-11,92.72321319580078,94.66791144668848,92.01339507011532,94.66791144668848,80700.0
2021-05-12,89.68946075439453,92.90794066853516,89.39776053449332,92.27591239776577,104700.0
2021-05-13,92.73292541503906,93.49135643675729,89.44638109634812,89.94228115610004,116400.0
2021-05-14,95.01795196533205,95.3485470870934,92.77182799561606,93.57887208280076,91400.0
2021-05-17,94.14282989501952,95.19296859557488,93.25799616249478,94.70679409551416,196500.0
2021-05-18,92.1981430053711,94.83320822303396,92.1981430053711,93.94837438387984,76200.0
2021-05-19,91.3035659790039,91.69250703455566,90.08812981692569,91.3910738218254,85500.0
2021-05-20,90.87572479248048,91.6730505717094,90.16591426941844,91.6730505717094,72400.0
2021-05-21,91.37164306640624,92.66486910669732,91.33274821349131,91.63417405053862,143000.0
2021-05-24,92.4314956665039,93.3455061211727,91.33274394217229,91.95504672283867,70700.0
2021-05-25,91.24523162841795,93.17048601864542,91.1577237744431,92.22730624970964,186200.0
2021-05-26,93.11632537841795,93.4184272372415,91.11853631408032,91.15751839829504,158400.0
2021-05-27,93.91545867919922,95.08489170395652,92.68754879865236,93.59386199511512,120600.0
2021-05-28,94.42220306396484,94.72430495901348,92.940920861547,93.85697392768344,78700.0
2021-06-01,95.396728515625,96.605143474329,94.07136729572788,94.63659640555196,130500.0
2021-06-02,92.36595153808594,96.23483679953738,92.2002832237095,95.19209000453016,139300.0
2021-06-03,92.44392395019533,93.0578752237466,90.99187621334094,92.17105671750583,125900.0
2021-06-04,91.83969116210938,93.03836615138978,90.43637323120949,92.76549898246682,92900.0
2021-06-07,92.42442321777344,92.75576728969988,91.04059237843556,92.15155600270106,93800.0
2021-06-08,93.57435607910156,93.86671801798347,91.2452302539139,92.8044840145202,95200.0
2021-06-09,91.7130126953125,93.59385576557676,91.3719287053834,93.4184400800313,111300.0
2021-06-10,89.85165405273438,92.28797880942535,89.73471522286,92.28797880942535,117500.0
2021-06-11,88.36062622070312,90.8554278762343,88.30215680462153,90.08554834584258,450700.0
2021-06-14,89.41312408447266,90.1830036472726,88.84789492164634,88.96484119380565,145900.0
2021-06-15,91.08931732177734,91.1380393591456,88.27292630834575,89.25719622302348,143300.0
2021-06-16,91.3037109375,92.58034275841896,90.39739781098834,91.40116244286264,135300.0
2021-06-17,88.65298461914062,91.10879665212111,88.54578573723742,90.94312835647904,144900.0
2021-06-18,85.4370346069336,88.12673921459105,85.12518533612354,87.51278805379805,312600.0
2021-06-21,89.2084732055664,89.51057511318078,86.3043706606601,86.3531001325666,175700.0
2021-06-22,89.75419616699219,90.09528012165956,88.13648050982438,88.96482938118018,81700.0
2021-06-23,89.59828186035156,90.55331700377506,89.1012695268955,90.02706996277567,115900.0
2021-06-24,90.42664337158205,90.65078111730848,89.38389652540347,90.1050466737232,71900.0
2021-06-25,89.56904602050781,91.157527069224,89.32541354729578,90.34866547374251,661200.0
2021-06-28,87.07425689697266,89.67625029873558,86.81113705969035,89.67625029873558,142900.0
2021-06-29,87.44457244873047,88.58477066361569,86.71367501327997,87.27889671270606,103000.0
2021-06-30,87.46405792236328,88.09750384001339,86.40182390751727,87.59074413186408,134800.0
2021-07-01,88.62376403808594,88.83816183606541,87.09375217577465,88.2436979180584,122400.0
2021-07-02,88.39961242675781,89.05254572032172,88.31190829855085,88.90637217331009,79100.0
2021-07-06,86.41157531738281,88.65299734333688,85.18367284219055,88.35089541556205,121700.0
2021-07-07,87.90258026123047,88.31188840588523,86.04123230951504,86.33358677275767,165100.0
2021-07-08,86.11920166015625,87.83436876600805,84.70612897996472,86.26537518304471,103600.0
2021-07-09,87.7369155883789,88.80889686772889,86.83060258850426,87.50303052117415,84500.0
2021-07-12,86.76241302490234,87.16197393202805,85.28113055438232,87.1424791665185,130900.0
2021-07-13,85.47600555419922,87.23016212078917,85.31033727709686,86.9572949737801,98000.0
2021-07-14,86.75265502929688,87.71744505697949,85.61245674393412,85.94380080139067,125100.0
2021-07-15,86.52851104736328,87.43482415526618,86.10946289134208,86.10946289134208,83000.0
2021-07-16,84.47225952148438,86.91833186925385,84.31633115481957,86.91833186925385,208600.0
2021-07-19,83.54645538330078,84.75487043222462,81.87026268975326,83.47823858461331,179400.0
2021-07-20,86.22640991210938,87.17169768158298,83.48797580268476,84.02397022848135,154500.0
2021-07-21,86.67469024658203,88.15597239856329,86.5090145156764,87.00602683824737,104400.0
2021-07-22,85.30059814453125,86.89882653302251,84.99849626471669,86.52850785986038,76700.0
2021-07-23,86.34335327148438,86.57723838088319,84.8328362892365,85.66118527112386,54800.0
2021-07-26,86.72341918945312,88.10725738539736,86.20691949948545,86.61622029888547,67100.0
2021-07-27,85.22264099121094,86.05099739519257,84.42352673113535,86.05099739519257,90600.0
2021-07-28,84.5209732055664,85.84632689926066,83.44898447268726,85.84632689926066,117600.0
2021-07-29,86.22640991210938,87.30813127449973,84.90104863656978,85.46627033505061,121600.0
2021-07-30,86.18743133544922,86.9378161270686,84.98875622303817,85.82685257657712,127900.0
2021-08-02,84.65741729736328,88.29240975551744,84.12142286435612,86.63571185634251,115200.0
2021-08-03,86.93781280517578,87.17169790290211,84.0434577686721,85.16416865768194,256800.0
2021-08-04,84.28709411621094,87.25941346674627,84.27735416986879,86.50902123428227,154200.0
2021-08-05,84.59893798828125,85.8268477404514,84.28708871861124,84.86206522413995,107000.0
2021-08-06,85.82684326171875,86.14843989539825,84.0629466192319,85.40779513042891,130700.0
2021-08-09,84.99849700927734,86.02174891845429,84.63791827838284,85.4467798602129,117600.0
2021-08-10,85.75862884521484,86.99627851279894,84.90104523338893,84.90104523338893,109200.0
2021-08-11,87.97080993652344,88.22418978985235,85.94379341511127,86.21666059481639,118400.0
2021-08-12,88.00980377197266,88.9648464634935,87.4055999177111,87.74668393787069,104300.0
2021-08-13,88.25341796875,88.68221346803843,87.04500307584098,88.26316534875359,93900.0
2021-08-16,88.36062622070312,88.67247549826037,87.42507838803141,88.0585243241839,69600.0
2021-08-17,86.41157531738281,87.56152104142528,85.03749185178935,87.56152104142528,85300.0
2021-08-18,84.98875427246094,87.54202536476713,84.94003223702249,86.19716930340489,68900.0
2021-08-19,84.06072235107422,84.95945225113816,83.04476389547227,84.1193329023331,131700.0
2021-08-20,84.56868743896484,84.62729798300668,82.98613567266108,84.01186491150933,110200.0
2021-08-23,85.64326477050781,86.07309534397729,85.04736600384152,85.04736600384152,44700.0
2021-08-24,85.40882110595703,86.16101720924303,84.89107467144555,85.78003370260173,209200.0
2021-08-25,85.5064926147461,86.37591712405047,85.16458535597796,85.59441588301176,44100.0
2021-08-26,84.27561950683594,85.79956072356666,84.10955133064057,85.64325600266328,74500.0
2021-08-27,87.05975341796875,87.1965163439767,84.36355617820254,84.45147200791315,112200.0
2021-08-30,87.10858917236328,87.27465736752747,86.58107185858864,87.05974953126683,65200.0
2021-08-31,86.13170623779297,87.18674085705696,85.98517240961407,86.98159647881454,64500.0
2021-09-01,86.62992095947266,87.1769726517542,85.15482662861884,86.55176858828376,58100.0
2021-09-02,88.17339324951172,88.57391109316015,86.62991751843136,87.09882427391882,90400.0
2021-09-03,87.313720703125,88.6715862459172,86.86435582485741,87.9877717470359,82500.0
2021-09-07,86.26847076416016,88.03663273856563,86.07309729162773,87.55795506072678,101300.0
2021-09-08,84.92036437988281,90.00014850583217,84.14862659808703,90.00014850583217,88000.0
2021-09-09,83.1131362915039,85.32088461569522,83.05451829361797,84.93013771255939,82400.0
2021-09-10,82.22416687011719,84.51983837878005,82.22416687011719,84.01186295188776,104100.0
2021-09-13,82.25347137451172,83.53319201745772,81.77480122341998,83.53319201745772,91300.0
2021-09-14,80.22157287597656,82.93730433249765,80.0945734138241,82.49770284915613,99500.0
2021-09-15,82.03856658935547,82.78099166037634,79.90896319507063,80.55370154127499,102200.0
2021-09-16,81.91156768798828,82.86891548484837,81.26682933746571,82.44885585760662,95000.0
2021-09-17,81.40360260009766,82.10695903780098,80.53417796266447,81.91157810898319,410800.0
2021-09-20,81.02261352539062,81.19845262270694,79.02977290681235,79.62567165588321,137600.0
2021-09-21,82.28279113769531,82.90799515061146,80.57324728452969,81.75527385435612,162000.0
2021-09-22,83.59181213378906,84.96921965571676,78.69763007401058,82.92753191918236,137300.0
2021-09-23,84.50032043457031,85.18413507537593,83.94349781190841,84.28540513231123,86000.0
2021-09-24,84.7054672241211,85.39905279457376,83.89465308920371,84.28540751773193,53600.0
2021-09-27,85.55534362792969,86.39546290402643,84.17793616839214,84.55891962464304,64900.0
2021-09-28,84.06072235107422,85.29158864563213,83.85557051562765,85.18413099964403,85300.0
2021-09-29,83.76766204833984,84.66639202736377,83.03500028115319,84.53940000413895,64600.0
2021-09-30,81.10076141357422,84.54916202927792,80.74909065906094,84.21701818748743,130200.0
2021-10-01,80.81746673583984,82.47816347512116,79.27399108924872,81.85295947070799,181200.0
2021-10-04,82.04832458496094,82.24370547461201,80.30947565867011,80.81745851874405,115700.0
2021-10-05,83.16197204589844,84.64683703937132,81.94086939805123,82.05809793533145,87400.0
2021-10-06,83.01544952392578,83.28897533719093,81.69665264093825,82.40977989953906,78200.0
2021-10-07,84.10955810546875,84.6468463105773,83.6601931762052,83.82626136577697,86800.0
2021-10-08,83.2206039428711,84.09002857713229,82.12649310454428,84.09002857713229,84200.0
2021-10-11,82.04832458496094,83.54295298895207,81.95063786664483,83.51364771875912,33700.0
2021-10-12,81.99949645996094,82.69308194626625,81.32544533885272,82.35117465766784,38500.0
2021-10-13,81.39383697509766,81.99950671422688,80.6514043034265,81.99950671422688,47900.0
2021-10-14,83.75787353515625,83.83602589595647,82.15578740384842,82.22416885629379,70500.0
2021-10-15,83.97279357910156,86.59083819072728,83.8848777579632,85.28181961142431,88300.0
2021-10-18,85.20365905761719,85.56510066936465,83.51364972340825,83.51364972340825,38700.0
2021-10-19,85.62371826171875,86.64944000336622,83.58203078031167,85.53579499642382,34100.0
2021-10-20,86.82528686523438,87.02066777617382,85.18412447844145,86.94251541179804,49600.0
2021-10-21,87.7435531616211,87.88031606442614,86.68851866596572,86.85459429338832,62100.0
2021-10-22,88.759521484375,89.05258913943774,87.47003721753502,87.72402868838807,48600.0
2021-10-25,90.24437713623048,91.99299721089788,88.8376718022509,88.8376718022509,183300.0
2021-10-26,92.29582977294922,92.33489850069928,89.71685401330136,90.51790453954598,112200.0
2021-10-27,90.59606170654295,92.14930842696464,90.449527872085,92.13953751719536,140400.0
2021-10-28,95.22647857666016,96.7308705813789,92.8038074809858,93.81976584671894,217600.0
2021-10-29,98.23528289794922,98.3915876453003,95.40233015590609,95.51955126339884,168600.0
2021-11-01,102.8168487548828,103.08060366238384,98.4306498829689,98.5283366097093,260500.0
2021-11-02,103.88165283203124,106.12848494378096,102.26003220468893,102.26003220468893,391600.0
2021-11-03,102.97315216064452,104.72176467004472,102.31863544852943,103.54950905814148,164700.0
2021-11-04,103.12945556640624,104.83899944973412,102.89500592068111,103.3248290290072,196100.0
2021-11-05,103.2955322265625,104.74132130865152,101.59575911286603,104.1551934197583,184700.0
2021-11-08,103.70581817626952,104.6240823784016,103.3150638047356,103.78396308816052,102600.0
2021-11-09,104.4970932006836,105.03437395467805,102.69962602423364,103.71558443648448,113100.0
2021-11-10,103.15876770019533,104.52640438840469,102.26980869732246,104.3700996455143,84700.0
2021-11-11,105.20045471191406,105.31767581512838,102.99269868079406,103.15876687902788,61700.0
2021-11-12,104.00865173339844,106.695077853315,103.81327081650164,105.49350943671446,90200.0
2021-11-15,103.656982421875,104.18449976318723,103.25645709766695,104.18449976318723,96400.0
2021-11-16,103.96957397460938,105.95264366968868,102.70939502854476,103.51043814313392,287800.0
2021-11-17,103.5495147705078,103.9207273290508,101.90835235149596,103.64720150138548,139500.0
2021-11-18,103.16853332519533,103.92072936601892,101.38083704831612,103.54951680019973,128200.0
2021-11-19,100.70677947998048,103.52997581232316,100.39417748322902,103.01222200090469,126800.0
2021-11-22,101.59575653076172,103.73513109652022,99.90574691683456,101.5859856211727,138600.0
2021-11-23,103.26959991455078,103.94501485354688,100.75393318218096,101.8208856534823,145600.0
2021-11-24,102.7801742553711,103.82755287524944,102.39841991987058,102.93679524844823,98500.0
2021-11-26,99.48141479492188,100.36238918763752,98.23826743438411,100.22534955633728,82500.0
2021-11-29,100.15682983398438,100.80288021194424,98.6591770990226,100.64625922282676,142900.0
2021-11-30,96.6623077392578,99.892544807911,96.07499394534815,98.8451661772071,204000.0
2021-12-01,97.89567565917967,100.77351559927207,97.80757447928583,100.098108071221,262100.0
2021-12-02,100.6266860961914,101.64469266077433,97.00490411043732,98.49277364593516,131500.0
2021-12-03,100.2840805053711,102.85848391438958,99.51078862967422,101.43913418156002,155800.0
2021-12-06,104.13099670410156,105.13922754371274,100.43091162616344,101.59575599073654,326700.0
2021-12-07,109.61260986328124,110.17055907115729,105.51118917058736,105.8929434987078,332000.0
2021-12-08,107.57659149169922,110.07267713363328,106.431328404173,110.07267713363328,216300.0
2021-12-09,110.3369598388672,112.63727641491842,107.59615234308298,107.77234721735624,205800.0
2021-12-10,113.01903533935548,114.85928718161026,111.72694203136808,112.3240464925236,308000.0
2021-12-13,112.37299346923828,113.85106488338936,110.43484975510044,112.43172260757277,290300.0
2021-12-14,110.44463348388672,113.5476138989539,109.82794769778285,111.74651740110654,275100.0
2021-12-15,112.26531219482422,112.31425065136312,109.66154434052804,110.2684394527872,207600.0
2021-12-16,111.49201202392578,113.616133698226,110.67955747705903,113.29310852155376,168100.0
2021-12-17,110.06287384033205,113.2441645928601,109.20147341083327,111.1591907970044,487300.0
2021-12-20,110.3271713256836,110.55231212926816,107.2241908099512,109.27979273808528,162000.0
2021-12-21,111.17878723144533,112.5687649717965,110.07267197866008,110.80681609804137,140300.0
2021-12-22,111.4528579711914,112.70579597740551,110.62082952657416,111.28645377588788,138900.0
2021-12-23,114.13493347167967,115.32914239091242,111.1983571003598,111.76609699115896,124900.0
2021-12-27,118.30487060546876,118.84324591195742,114.93759407346607,115.26061925735932,204100.0
2021-12-28,117.35537719726562,119.6752751679024,116.8953123810208,118.6083152264687,90600.0
2021-12-29,118.33423614501952,118.41254663898808,116.80721885313184,117.60988274605997,93400.0
2021-12-30,117.73712158203124,120.7520081278913,117.03234213306666,119.45991496082256,113400.0
2021-12-31,118.5300064086914,119.32288710096113,117.218339224603,117.218339224603,57800.0
2022-01-03,118.1091079711914,120.0080889902629,117.04214798151972,118.8040968323078,106300.0
2022-01-04,121.97559356689452,123.05233673474947,120.83033058294244,121.92664764049664,175000.0
2022-01-05,116.13180541992188,121.00652544532024,115.69132195480329,119.09774633757335,156900.0
2022-01-06,113.18543243408205,115.85772005702314,110.17055321683752,113.0777573761698,209100.0
2022-01-07,112.05974578857422,113.34204827892243,111.09067031128444,112.68621475088932,160100.0
2022-01-10,110.24886322021484,112.11848710043398,108.19326124754402,111.57032856588174,135500.0
2022-01-11,111.21792602539062,111.38433020881932,107.26333605791989,110.54251114569888,144500.0
2022-01-12,110.49358367919922,112.44151815679623,109.94542511606856,112.21637733659595,94500.0
2022-01-13,111.53116607666016,112.73515813232372,110.54251666837504,111.26687003744658,99400.0
2022-01-14,110.27822875976562,111.16898632593067,108.3009299313166,110.4837881981114,111000.0
2022-01-18,109.21126556396484,110.79701935669816,108.24219753578856,108.83930194408386,91400.0
2022-01-19,108.1540985107422,111.05151944262128,107.82129012869432,109.8377367138299,174700.0
2022-01-20,105.76569366455078,109.48535253004704,105.65801860181354,108.32051566568022,72000.0
2022-01-21,106.25511932373048,109.63217899297057,104.88471559269844,105.9027295795194,125300.0
2022-01-24,110.67955780029295,111.09067668011312,103.39684636073828,104.8357699082083,146800.0
2022-01-25,106.00061798095705,110.47400229833303,104.87492889247604,108.44776492630714,125800.0
2022-01-26,102.17328643798828,108.97636008371931,100.64626898645696,107.18504655443802,126900.0
2022-01-27,99.3052215576172,104.56169596427888,98.56129425200652,102.53545856159477,126600.0
2022-01-28,101.20419311523438,101.20419311523438,97.32791383825386,99.30520498404998,136600.0
2022-01-31,104.0526885986328,104.3561324227594,100.64625684674569,100.73435801806929,139800.0
2022-02-01,108.34988403320312,108.47713298994545,103.95480260071064,104.05269445615863,230300.0
2022-02-02,107.8408660888672,108.88824464675476,105.19795046596568,107.50805770042606,131300.0
2022-02-03,105.5111846923828,107.82129192086389,105.38393574444343,106.76412268719976,88100.0
2022-02-04,103.2010726928711,105.34477562845798,101.50764386159896,105.34477562845798,85000.0
2022-02-07,102.55502319335938,103.81775181844534,101.40976030133928,103.26959333366976,122600.0
2022-02-08,104.04290008544922,105.8146320783141,101.2042081444786,103.14235180484054,94600.0
2022-02-09,108.09536743164062,108.34987278680838,105.06090693022252,105.2762570408953,217500.0
2022-02-10,98.86473083496094,108.4966970662734,98.04249309389252,107.674459325205,343100.0
2022-02-11,98.85494232177734,101.87961971975184,98.34593906160111,100.01978661523574,223600.0
2022-02-14,98.29698944091795,100.83223737226972,97.18109111378996,99.73591293329338,224500.0
2022-02-15,100.0197982788086,100.38197874431272,97.91525024323136,98.87453520878532,174400.0
2022-02-16,100.00021362304688,100.24492831088546,97.39644575975652,99.90232177343177,178400.0
2022-02-17,98.27742767333984,100.18619939775768,97.75863369019552,99.38353545875889,129700.0
2022-02-18,97.66072845458984,99.15838852716216,96.91680122539871,97.89565991779676,242600.0
2022-02-22,96.54483795166016,98.3067867277302,95.63449899537392,97.0244841267624,136900.0
2022-02-23,96.17288208007812,97.67053492673443,95.84985686700706,96.72104064667118,116000.0
2022-02-24,99.21711730957033,99.6673914103161,92.159547058402,93.56909849218474,183000.0
2022-02-25,101.28252410888672,101.64469709559404,98.85495092994208,99.09966563689578,89000.0
2022-02-28,100.99864196777344,102.44735614412473,99.81422382518252,99.81422382518252,126500.0
2022-03-01,98.6689682006836,101.16505361361617,97.4160226866741,100.55816594843483,157400.0
2022-03-02,101.07289123535156,102.46618623105888,98.67877322486852,98.92407195591234,93300.0
2022-03-03,102.19145965576172,103.45720209055422,101.29856862205456,102.02465830416487,102200.0
2022-03-04,100.8668441772461,102.8096059923478,100.4154879111887,101.1611981716343,262600.0
2022-03-07,92.5855484008789,100.9257047840608,92.07532287708514,100.9257047840608,186600.0
2022-03-08,95.81369018554688,97.82513537971874,91.67304622010953,92.75235918843632,210700.0
2022-03-09,98.94368743896484,99.38522962354206,97.27565914857836,97.27565914857836,181600.0
2022-03-10,98.05081939697266,99.25769257459756,97.15792832870906,97.15792832870906,190700.0
2022-03-11,98.35498809814452,101.55368600458937,95.80388250729136,98.93389706080288,163700.0
2022-03-14,99.68941497802734,100.2585099001966,98.14893905830996,98.84558664127267,156700.0
2022-03-15,99.0320053100586,101.41630930686809,96.9616833937131,100.35661697808092,116700.0
2022-03-16,102.89791870117188,103.11377530535212,100.02301715353926,100.40568259111464,157500.0
2022-03-17,103.71229553222656,104.14402367371716,101.03363770941804,102.0933299734825,59100.0
2022-03-18,104.21271514892578,104.41876519092116,101.94615720105328,104.10478310512964,202700.0
2022-03-21,102.20127868652344,105.13504975222456,101.35745035550454,103.52589048979875,72100.0
2022-03-22,101.99522399902344,103.113785774103,101.0532776350577,102.90773570879092,104900.0
2022-03-23,97.5896453857422,102.0050225049684,96.98130184327204,101.71066852190718,132700.0
2022-03-24,98.4531021118164,99.31655849758984,97.050000456782,99.31655849758984,86000.0
2022-03-25,97.27566528320312,98.90445246898462,96.44165108541335,98.90445246898462,154200.0
2022-03-28,98.39422607421876,98.68858754666532,95.88236945678804,97.27566445639891,224500.0
2022-03-29,99.4637451171875,101.22989171925104,99.13013490682351,100.0818953050211,213600.0
2022-03-30,96.57903289794922,101.4653877343811,96.01975199672428,99.13013863185375,102400.0
2022-03-31,95.94124603271484,98.96332843344602,95.32309587680685,96.44165757945396,231200.0
2022-04-01,91.57493591308594,97.28549081088268,90.42693949995456,95.86275349527511,428100.0
2022-04-04,90.67223358154295,91.87909923993544,89.91670923910652,91.80060184328056,200700.0
2022-04-05,86.3647689819336,90.89789196673078,86.24703038877182,90.41710857750044,290700.0
2022-04-06,85.31490325927734,87.28710732853706,85.10885320516421,85.7368174136777,195600.0
2022-04-07,84.45144653320312,86.13910299471452,83.18570418706958,85.5601940987667,257700.0
2022-04-08,83.79405212402344,84.87336509627107,83.16608794068213,84.55938300460042,291200.0
2022-04-11,84.2453842163086,85.26582768347706,83.66647540475785,83.80384956069086,221000.0
2022-04-12,85.46208953857422,86.54140262393051,84.4808944635368,85.21679076981486,273000.0
2022-04-13,88.74907684326172,90.31899469203567,85.62887672200426,85.62887672200426,245200.0
2022-04-14,89.14156341552734,90.083509708369,87.50296957754001,89.36724155721406,306300.0
2022-04-18,89.8480224609375,91.50624434387468,88.81776475543572,91.07451616466652,264800.0
2022-04-19,90.7311019897461,92.14402517188034,90.04426100468697,90.04426100468697,270600.0
2022-04-20,92.46780395507812,95.55856934297876,91.8987166105334,91.8987166105334,269800.0
2022-04-21,93.44900512695312,94.89136290405646,92.68367426218566,93.97885129931294,200900.0
2022-04-22,91.08433532714844,94.6853192469657,90.52505446626652,93.08597406238998,246100.0
2022-04-25,92.01646423339844,92.31082572242929,89.22987407718075,90.26993836282206,229900.0
2022-04-26,90.11294555664062,92.6444304630914,89.64197614692928,91.62398676081844,219500.0
2022-04-27,88.46453857421875,91.16282463453022,87.67957963503157,89.8087708387285,279900.0
2022-04-28,96.1571044921875,97.3934122174313,89.16118723784136,90.80959504285866,266700.0
2022-04-29,95.14646911621094,100.17999617709717,94.51850498921269,97.11867292946135,229800.0
2022-05-02,97.41302490234376,97.80550434513704,94.92078904941748,95.21515050299313,194200.0
2022-05-03,96.26502990722656,97.31490812537132,94.10640417385768,96.95186332622862,172700.0
2022-05-04,100.6509780883789,101.14157555519388,96.16691754112708,96.26503553730544,133000.0
2022-05-05,97.6877670288086,99.9837671092436,95.99030395391036,99.40485819486456,118200.0
2022-05-06,97.59945678710938,99.38523118529623,95.03853752845636,97.49152475046706,161600.0
2022-05-09,95.43102264404295,97.84476131542208,95.15628925662274,96.63788823677083,304400.0
2022-05-10,95.61743927001952,96.82431228147776,93.1448314349774,96.82431228147776,138200.0
2022-05-11,91.93795776367188,96.74581419911048,91.59454105098116,95.40158199716072,168600.0
2022-05-12,93.26258087158205,93.53731425358832,90.47598338425404,91.66322834845172,119500.0
2022-05-13,94.38114166259766,96.52014688564704,94.07696614725256,94.07696614725256,196600.0
2022-05-16,92.55611419677734,95.70574884181974,92.1243860570218,94.0769617588677,390800.0
2022-05-17,96.35333251953124,97.43265285720314,93.22332599805094,94.39094279419724,99300.0
2022-05-18,87.99356079101562,94.61662650598169,87.14973256030905,94.61662650598169,258100.0
2022-05-19,89.11213684082031,91.50625523083524,86.38441571694395,87.04181462373514,324900.0
2022-05-20,91.24131774902344,91.86928192809184,89.10231242472061,90.48580091936796,277300.0
2022-05-23,90.47599029541016,97.03037321250306,89.88727479100905,92.3991316022798,107300.0
2022-05-24,91.08433532714844,91.31982003543452,88.01319012949389,89.51442479536799,155600.0
2022-05-25,91.09415435791016,92.4025279442041,90.16944556836346,90.61212474913276,141000.0
2022-05-26,92.4123764038086,94.34050253152914,91.92050726392088,91.92050726392088,158200.0
2022-05-27,92.61895751953124,93.81911938254537,92.13692787966282,92.59927855159454,107100.0
2022-05-31,91.67457580566406,93.40594983300063,89.67758823078908,92.17627694154288,431300.0
2022-06-01,91.8909912109375,93.42562044041874,91.0941581449686,92.01887447828526,136600.0
2022-06-02,95.03894805908205,95.3734154443726,92.2648066365603,92.2648066365603,79900.0
2022-06-03,95.27505493164062,95.77676357707334,93.93717021403856,94.27164514610295,102100.0
2022-06-06,97.05563354492188,97.3605900453264,94.52741866747871,95.4718141303135,86200.0
2022-06-07,95.58001708984376,96.73098910268745,94.33066524247108,95.93415597390305,99600.0
2022-06-08,92.343505859375,94.93073457648492,91.63521316738212,94.93073457648492,87300.0
2022-06-09,92.17626953125,93.74041722620872,91.61553903803696,92.37302168126244,114600.0
2022-06-10,91.07449340820312,91.67457437026492,88.56595774677572,90.72034702058214,164200.0
2022-06-13,88.7135238647461,90.0710800729972,86.90344141508335,88.92010801565422,145500.0
2022-06-14,88.98896026611328,91.21221078941409,87.45433101382578,89.59888067666898,106400.0
2022-06-15,89.44148254394531,91.87131729443148,88.36921142217017,89.85465081993239,115100.0
2022-06-16,85.70327758789062,89.8841650794584,85.02449580520201,87.82814826907027,148300.0
2022-06-17,84.1391372680664,87.74945509944216,83.8833632034983,86.8050672133381,290600.0
2022-06-21,84.96546936035156,91.33024908436003,83.4701831228564,85.83115625736208,135800.0
2022-06-22,83.60791015625,84.76872156911323,82.67336183887437,83.67677153221108,132900.0
2022-06-23,84.90644073486328,85.31961647850562,83.33246113271338,84.18831605950432,80600.0
2022-06-24,90.01203918457031,90.24813423503846,85.24091073978677,85.24091073978677,285300.0
2022-06-27,90.2186279296875,91.65488477730123,89.69724789316028,90.66131461556424,91800.0
2022-06-28,87.75929260253906,91.2712380237288,87.56254794520775,90.60229568134372,81600.0
2022-06-29,88.77253723144531,89.1758735149255,85.78197206249789,88.24131767788289,127300.0
2022-06-30,90.46456909179688,90.7695255493533,87.32644165446936,87.50351484070505,149100.0
2022-07-01,89.86448669433594,91.467984828435,88.31017847435207,89.5496907578492,87000.0
2022-07-05,91.4089584350586,91.64506102417972,88.14294767215675,88.4282326716826,171700.0
2022-07-06,89.75627899169922,93.11083014497736,89.19554846965104,91.22205443969168,111100.0
2022-07-07,91.21221923828124,91.95002298642696,90.3268532394408,90.6318097203028,65500.0
2022-07-08,90.65148162841795,91.10400032472478,88.74302701350582,90.77936489955012,72500.0
2022-07-11,89.44148254394531,90.77936720408889,89.15619754233687,89.7661179773612,118800.0
2022-07-12,88.58563232421875,90.6711526086808,88.3200187940066,89.16603428856932,127900.0
2022-07-13,86.14595794677734,87.78879901717261,85.34913236880793,87.78879901717261,65500.0
2022-07-14,85.94921112060547,86.16562722487647,83.47018659926258,85.09335616592068,55400.0
2022-07-15,87.81831359863281,88.39872309086851,86.94278712342476,87.91669343161777,79700.0
2022-07-18,88.861083984375,89.86449376546662,88.41839723848608,88.41839723848608,78900.0
2022-07-19,94.19293212890624,94.61593985277916,90.0317162635831,90.37603063593976,175000.0
2022-07-20,94.684814453125,96.91789716437653,92.94360090786374,94.24213520586493,150800.0
2022-07-21,95.81610107421876,96.25878025697428,94.26179293489534,95.1668302671621,130300.0
2022-07-22,95.1176528930664,96.35715767248782,93.9174910385843,95.97350035904874,96600.0
2022-07-25,94.19293212890624,95.16683084002696,93.39610659301904,95.16683084002696,96400.0
2022-07-26,94.02570343017578,94.53724401616648,93.12066604440068,93.43546198316275,105800.0
2022-07-27,96.4063491821289,97.26220416760236,94.212609566763,95.92431953770988,163700.0
2022-07-28,100.48887634277344,101.62017697323664,97.34090904473106,97.51798225215424,194000.0
2022-07-29,103.2236557006836,103.8827585321918,100.12487868726244,100.3117913579664,128300.0
2022-08-01,103.44007110595705,104.1286848296792,101.4922662076296,102.55470524308092,164700.0
2022-08-02,102.83999633789062,103.9909682754832,101.38406044278668,103.46958821000932,109800.0
2022-08-03,103.29251861572266,104.0696727516612,102.59406534286516,103.20398577375204,90200.0
2022-08-04,103.79422760009766,104.61072466511186,102.38748156523376,103.30235846210786,106800.0
2022-08-05,103.74504089355467,105.2009768893884,102.68260172135123,102.68260172135123,102800.0
2022-08-08,103.77454376220705,105.0534064631037,103.0662510358844,103.89259505170315,104200.0
2022-08-09,103.3908920288086,104.60089341908557,102.6137378847002,103.63682659952666,114300.0
2022-08-10,105.7715301513672,107.52259048809266,103.62698053075708,105.25998957912094,489600.0
2022-08-11,106.7847900390625,108.71291610841295,106.24373099943448,106.46999409927726,188000.0
2022-08-12,106.3125991821289,107.72918475450622,106.28308823359232,107.31600895901104,138900.0
2022-08-15,107.28649139404295,108.08332448202782,105.41739471893634,105.80105203690684,153800.0
2022-08-16,107.31600189208984,109.05722279436289,106.82413276799667,107.22746905231013,153300.0
2022-08-17,105.26531219482422,106.51741859580387,104.4272925492622,106.51741859580387,112000.0
2022-08-18,106.507568359375,107.6610781378382,105.0188461751238,105.0188461751238,117300.0
2022-08-19,105.78785705566406,106.53714119327464,105.4329298233745,106.23151233508813,133700.0
2022-08-22,104.25969696044922,105.51179592164914,104.17096891396196,105.21602824481587,126900.0
2022-08-23,103.01744079589844,104.6343279954626,102.59350040077642,103.93433478898208,222400.0
2022-08-24,102.42591094970705,104.4075867705154,102.36675891746306,102.85971257783198,106500.0
2022-08-25,103.86532592773438,104.83151832975122,102.58365103258484,103.04702111566276,113000.0
2022-08-26,100.99635314941406,104.23012811181698,100.56255150064617,104.23012811181698,139300.0
2022-08-29,98.60060119628906,101.93296550095978,98.48228960039413,100.23720356918156,253000.0
2022-08-30,97.53580474853516,98.4132616011308,96.46116193239952,98.40340042248496,153500.0
2022-08-31,95.67243957519533,98.5315720786476,95.20906196839654,97.86115485385102,249300.0
2022-09-01,96.3625717163086,96.56961133448068,93.91752596866893,94.96258523807334,155800.0
2022-09-02,94.73582458496094,98.4921363438648,94.22315612164785,97.32876548132216,131500.0
2022-09-06,95.41609954833984,95.55412595739016,93.29639752095947,94.90343110356362,137700.0
2022-09-07,96.16539764404295,96.44145048080938,92.56683454333633,95.61329197051012,217600.0
2022-09-08,94.17385864257812,95.62314352561904,93.50344140150736,95.62314352561904,131800.0
2022-09-09,96.60905456542967,96.83581655486375,94.29217390654172,95.15976962576072,122000.0
2022-09-12,100.67098999023438,100.88789078893046,97.32876501146376,97.32876501146376,193400.0
2022-09-13,97.39777374267578,98.84705853839031,97.03298536873316,98.23579336305067,171500.0
2022-09-14,97.07241821289062,97.69353701672378,95.14004107909054,97.299180169647,157600.0
2022-09-15,94.8935775756836,98.35411430301036,94.7851271709899,96.44145173500414,203500.0
2022-09-16,90.23023223876952,92.64570962223551,89.45137209574709,92.64570962223551,328400.0
2022-09-19,92.60626983642578,93.6710514894178,89.78657445269262,89.78657445269262,124000.0
2022-09-20,91.34429931640624,92.37949731491268,90.34853098480752,92.37949731491268,167500.0
2022-09-21,91.38375091552734,93.68090922980976,91.10769807239474,92.340082209148,97800.0
2022-09-22,89.80628204345703,90.9203619786445,88.751361654358,90.9203619786445,89600.0
2022-09-23,88.26827239990234,88.82037803733327,86.95701398912874,88.61333842329667,257100.0
2022-09-26,88.06123352050781,90.30910080237224,87.60771709713826,87.63729311055091,136100.0
2022-09-27,89.36263275146484,90.47670523874784,88.22883790688459,88.41616269183166,186200.0
2022-09-28,91.97528839111328,92.37950645283571,88.7513674665964,89.32319547769195,109500.0
2022-09-29,90.52599334716795,91.00908573992724,89.55980103977491,91.00908573992724,131300.0
2022-09-30,88.98799133300781,91.46261313816902,88.81052772545388,90.67389184383244,191700.0
2022-10-03,92.290771484375,92.93161265410308,89.06685080181013,89.72741432733746,81500.0
2022-10-04,96.09638214111328,96.15553416990112,93.0893619798062,93.64147516203624,183700.0
2022-10-05,95.63300323486328,96.91468566841056,95.23863883055064,95.63300323486328,208900.0
2022-10-06,96.43158721923828,98.90621656145235,95.0907527365795,95.63300474128545,337400.0
2022-10-07,94.57808685302734,95.7907561322049,94.18372243172465,95.24850411267924,337200.0
2022-10-10,95.36680603027344,95.87947446069536,94.31188563528268,95.10060687607604,91000.0
2022-10-11,95.2287826538086,96.5893395440566,94.11471011084352,94.854140587065,169900.0
2022-10-12,95.8301773071289,97.60481328469147,94.63723049182992,95.34708488285494,208300.0
2022-10-13,97.43721771240234,98.37382661412256,92.0936020916,93.67105222591198,219800.0
2022-10-14,96.01750183105467,97.6245278629422,95.8301770556161,97.58509819409988,120500.0
2022-10-17,97.19073486328124,99.00480052471038,96.1949664720212,97.1710125067711,279200.0
2022-10-18,99.7047882080078,100.30619217630272,97.4076302458626,99.13296777283576,289300.0
2022-10-19,96.6484832763672,99.09353648408538,95.47525128116922,99.09353648408538,139700.0
2022-10-20,93.82878112792967,96.43157538741325,93.71047708460064,96.31327134408416,149400.0
2022-10-21,94.93301391601562,95.54427914407265,92.69500015406749,94.52878831636284,134400.0
2022-10-24,97.5851058959961,98.02876116330027,95.31751614296768,95.59356897790146,114300.0
2022-10-25,99.4780502319336,100.67099718818208,98.47242055187228,98.53158010603087,153900.0
2022-10-26,101.54844665527344,102.7512547026515,97.969606048987,100.40479063584009,439100.0
2022-10-27,100.07945251464844,106.62587641011632,99.60621369920013,102.82027361570644,418200.0
2022-10-28,103.05689239501952,104.06252208771105,100.7301504855826,101.63718342739672,221600.0
2022-10-31,104.37800598144533,106.32023699610971,102.07097904503786,102.07097904503786,247800.0
2022-11-01,104.75264739990234,105.58080589590485,103.19491210861132,104.910396173546,128500.0
2022-11-02,101.7456283569336,105.9653178365991,101.58788710340087,103.96391973845289,175000.0
2022-11-03,101.78506469726562,102.74139595500137,99.36959488861652,100.43437654806716,173200.0
2022-11-04,103.77659606933594,104.27940333571804,101.66675522057037,103.11603251539988,185100.0
2022-11-07,106.42868041992188,106.872343178002,102.99772753785253,104.22025037338156,116700.0
2022-11-08,107.03994750976562,108.38078194243091,106.09347747292104,107.54276230248392,187200.0
2022-11-09,104.32870483398438,107.23712821105764,103.93434042983662,105.9850293139046,111100.0
2022-11-10,111.38780975341795,112.02864347913268,107.7498094195493,108.14417384282618,195400.0
2022-11-11,113.31031799316406,114.42439045271512,112.3046959304222,112.36384795709075,275200.0
2022-11-14,111.762451171875,115.91311996667604,111.68357678330082,112.1863916081166,168500.0
2022-11-15,113.16243743896484,115.61734448268926,111.9201921485784,113.28074902153163,162400.0
2022-11-16,109.96809387207033,111.81174310901896,108.9230346101838,111.81174310901896,209800.0
2022-11-17,108.8244400024414,109.08077799463902,106.5272818169555,108.32163271858796,190700.0
2022-11-18,109.0709228515625,112.05822831524324,108.2427643227704,110.41175739311944,169500.0
2022-11-21,108.42022705078124,109.44557154603316,107.88783620583068,108.73571708609909,232600.0
2022-11-22,108.0546417236328,110.0208862828895,107.87678996451284,109.6454248084484,160000.0
2022-11-23,110.06040954589844,110.4062303162843,107.8076256264393,108.26213400156462,154200.0
2022-11-25,109.3193588256836,110.61371976168049,109.26007742047068,109.36876502224584,65700.0
2022-11-28,108.4597396850586,109.67506124818622,108.1040437189741,108.26212997741976,200500.0
2022-11-29,108.58819580078124,109.44780634508714,108.06452327647366,108.33129714304133,99700.0
2022-11-30,111.02871704101562,111.15716260400455,107.3234782875488,108.15344814992817,218900.0
2022-12-01,109.93196105957033,111.5919082515766,108.91425673166256,111.5919082515766,91800.0
2022-12-02,110.39635467529295,111.0879962133577,108.3807039293691,108.3807039293691,109400.0
2022-12-05,106.92823791503906,109.55648302158949,105.95005711741884,109.32923262798076,262600.0
2022-12-06,106.16742706298828,107.1159747192862,104.36915167589837,106.6515836375205,198500.0
2022-12-07,106.74051666259766,108.0250024440987,104.5568968647079,106.38481313966898,117500.0
2022-12-08,106.1476821899414,108.44987238971989,104.7446335636794,105.22878265955023,168700.0
2022-12-09,104.95211791992188,106.16743193944872,104.49760956366306,105.69316562784265,132700.0
2022-12-12,106.47373962402344,107.50132671100786,104.6359406563069,104.6359406563069,218300.0
2022-12-13,105.12997436523438,109.51697186593492,104.10238725977165,107.38275829176418,382600.0
2022-12-14,107.18514251708984,109.18102766984669,104.80390562553151,105.52519536953557,260300.0
2022-12-15,104.4284439086914,105.83149240628568,103.8059590184724,105.67339861247544,177800.0
2022-12-16,103.9936981201172,104.33951888648537,102.07685224606595,103.49966630006914,478600.0
2022-12-19,102.55113220214844,106.80968433167403,101.81996717577464,104.55690030456232,146100.0
2022-12-20,101.325927734375,102.7586169749448,100.7726069784474,102.7586169749448,109300.0
2022-12-21,103.26252746582033,103.82572340821032,101.30615824901317,101.93851834087818,90100.0
2022-12-22,103.19336700439452,103.24276566245535,100.67380175515012,102.63017104187637,117000.0
2022-12-23,104.14191436767578,104.23083648132211,102.79814714706104,103.3218196962968,70000.0
2022-12-27,104.76438903808594,105.43627263082028,102.2151829769767,104.2604744589533,138900.0
2022-12-28,103.88500213623048,105.0904408860373,103.47989999640087,104.66557325353698,169400.0
2022-12-29,104.63593292236328,105.68327788780958,103.91464320386844,104.52724532727052,95100.0
2022-12-30,103.63800048828124,104.50749382711348,102.92659342090587,103.77632880267892,149200.0
2023-01-03,103.45026397705078,104.95212498770644,101.97805120890337,104.68534357342593,91300.0
2023-01-04,100.30821228027344,104.20118523482256,99.29050798931108,101.069025465584,303700.0
2023-01-05,101.12830352783205,101.68162424568588,99.05337156627856,100.78248279062755,226500.0
2023-01-06,103.8355941772461,103.94428177010688,101.38520081061122,101.71126358919358,95800.0
2023-01-09,104.31975555419922,106.35516413563325,103.98381001395002,103.98381001395002,136500.0
2023-01-10,102.21517944335938,104.66558056106967,101.91876487754368,103.94429079476303,171700.0
2023-01-11,101.78043365478516,103.5885843155762,101.1875970018212,102.21517651318432,216500.0
2023-01-12,101.5334243774414,102.16578452029476,99.07314042275227,101.77055754642954,182900.0
2023-01-13,100.41690826416016,101.25676841596032,98.7075623331896,100.86154143952392,132000.0
2023-01-17,99.45848846435548,101.9780461940632,99.2411132599506,100.41690385181666,247200.0
2023-01-18,99.33992004394533,101.5630632512611,98.88541167060448,99.35967800003516,155300.0
2023-01-19,99.38932037353516,100.11061016533824,97.66020896101024,99.51777347442376,132200.0
2023-01-20,99.95252227783205,100.4267886075404,98.64827102531558,100.31810100316402,147300.0
2023-01-23,103.24276733398438,103.45025979318442,99.30039553252904,100.18965431362015,148800.0
2023-01-24,103.6577606201172,103.90477653137856,101.43461741876489,102.87718943593198,105100.0
2023-01-25,104.1616668701172,104.27035447332304,102.5214851515759,103.252650132693,88300.0
2023-01-26,103.35145568847656,105.5350754378302,102.34363408813158,104.90271530852992,68700.0
2023-01-27,104.29999542236328,106.29588819655442,103.23289242033064,103.49966628625695,86600.0
2023-01-30,102.5115966796875,104.9521149344832,102.3633856346539,103.79608235220952,136200.0
2023-01-31,106.56266021728516,106.81955886995917,103.05503887914494,103.13407823984473,149000.0
2023-02-01,109.22055053710938,110.29753623569664,105.7623279596371,106.54289910315153,170300.0
2023-02-02,111.74010467529295,113.80516144104313,107.04680275297424,109.38851611011826,150500.0
2023-02-03,111.6215591430664,112.46141179355249,106.73063922848054,110.50504232005255,153700.0
2023-02-06,110.96942901611328,112.13534445508284,110.34695161416126,111.53262500978252,102900.0
2023-02-07,114.04230499267578,114.35848506002677,110.7520512197773,111.48322375041748,167200.0
2023-02-08,112.80722045898438,114.37824551762353,111.98712585410756,113.67672125965456,247500.0
2023-02-09,96.64250183105467,103.62811143648682,93.56962331983266,101.5235386054705,594400.0
2023-02-10,99.4980010986328,101.4148468870751,96.28679441173726,96.31644265181096,497500.0
2023-02-13,101.34568786621094,102.37327496262512,96.75119040475772,98.75695839995632,337800.0
2023-02-14,103.2229995727539,104.55688384851864,99.6956130247719,101.26663044019276,498700.0
2023-02-15,102.66969299316406,103.63799110629114,101.38520728909108,102.19541914507228,185000.0
2023-02-16,102.40291595458984,104.02333973549274,100.94058597588597,101.0887894925383,278100.0
2023-02-17,106.108154296875,107.4321635018962,102.72897843815478,103.49966687558282,297500.0
2023-02-21,101.71126556396484,104.95211284372316,101.59269522263465,104.40867486886812,285300.0
2023-02-22,102.2052993774414,103.4897775115869,101.86935383948976,102.05708833241351,232700.0
2023-02-23,103.49967193603516,104.05298519235431,101.78044321938076,102.73886620859628,128300.0
2023-02-24,104.61618041992188,104.76439148057248,101.64211415095096,101.91877077705732,260500.0
2023-02-27,103.51942443847656,105.71292692948872,103.26253331919445,105.42638756875652,116500.0
2023-02-28,101.97804260253906,103.9936932383132,101.88912049750182,102.96610619625226,150600.0
2023-03-01,103.05754852294922,104.07762493719471,101.63142572174378,101.63142572174378,116600.0
2023-03-02,104.9788589477539,105.48394802626704,101.65122658795708,102.10679431441888,99800.0
2023-03-03,106.34556579589844,106.59315745290164,104.47377347342594,105.22645422636708,149000.0
2023-03-06,105.53346252441406,106.9893026359964,104.9689538644023,106.34556283453446,154900.0
2023-03-07,104.93923950195312,106.10787234177133,104.62232250586162,105.414618774039,135500.0
2023-03-08,106.70209503173828,106.90017288465192,104.67184804168156,105.1967411290821,142200.0
2023-03-09,106.09796905517578,108.74225356775064,106.09796905517578,106.89026534198204,147800.0
2023-03-10,104.3252182006836,106.36537861650578,103.49331385015446,105.64240764491922,183200.0
2023-03-13,104.63223266601562,105.35519605177907,101.69084265887172,102.67130347595383,181700.0
2023-03-14,104.66194152832033,108.12822459315088,102.18602505344133,106.9001721372622,220200.0
2023-03-15,103.06744384765624,104.84020083227593,102.16621423990703,102.42370409589428,218700.0
2023-03-16,104.88973236083984,105.98903235771678,101.93843650836888,102.0374716591986,156800.0
2023-03-17,102.1364974975586,104.96894637724192,101.58189465876085,104.8600054544928,422700.0
2023-03-20,102.9783172607422,104.53319244302016,102.14640542913322,103.08725062988783,125000.0
2023-03-21,103.33484649658205,105.4938459675839,102.91889434170308,103.82013156650495,150500.0
2023-03-22,101.83939361572266,104.84020303753854,101.7502566976237,103.05754023453052,123600.0
2023-03-23,100.6806640625,103.51310535862564,100.23499459490664,102.166213842684,146500.0
2023-03-24,101.5422821044922,101.90872045151436,98.25426543022748,99.80914062591506,108400.0
2023-03-27,103.10706329345705,103.55272522364876,101.52247830667878,102.6415898007384,127100.0
2023-03-28,103.30513763427734,104.19646908551005,102.63168804400124,102.63168804400124,112800.0
2023-03-29,103.90926361083984,104.63223456562643,102.56236440765484,104.01820454314876,116500.0
2023-03-30,103.85974884033205,104.87982523703174,103.48340469373773,104.65203759273004,76200.0
2023-03-31,106.72190856933594,107.266605674156,104.55300326416612,104.55300326416612,168400.0
2023-04-03,105.38491821289062,106.6624845344365,103.5725454409892,106.3554732926896,116800.0
2023-04-04,103.05754852294922,107.25670845088678,102.41381626177132,105.68202158893575,87500.0
2023-04-05,102.86937713623048,103.96868462047388,101.49276822459184,102.4534174392404,133300.0
2023-04-06,101.70075225830078,103.13678085799444,101.5621015337468,102.73073446634292,88900.0
2023-04-10,106.7615203857422,106.97939468646878,101.42344512204482,102.30487077409818,127300.0
2023-04-11,107.78160095214844,108.74225778145934,106.93979083723292,106.93979083723292,109600.0
2023-04-12,107.82121276855467,108.90070871876804,106.90017154278576,108.3659098564605,61500.0
2023-04-13,107.37554168701172,108.33619846868554,105.88999183227422,108.33619846868554,116300.0
2023-04-14,109.26715087890624,109.44541717254783,107.58352309320291,107.633044446508,86800.0
2023-04-17,108.65311431884766,110.42587136677986,108.45504402933788,109.72271201635375,118900.0
2023-04-18,107.9598617553711,110.2377003295417,106.91006805467768,108.93041676126636,181100.0
2023-04-19,108.45504760742188,108.79176862187684,106.76152164178067,107.85092338181975,147200.0
2023-04-20,110.42587280273438,111.03990279763497,108.21735202208488,108.21735202208488,138100.0
2023-04-21,109.2176284790039,110.72298995664026,108.9403270373071,110.2179008701796,134900.0
2023-04-24,109.28694915771484,110.03962986428914,108.49466043764998,108.6234053712375,116400.0
2023-04-25,105.58297729492188,108.06879942270164,105.4443265839761,107.87072158142408,145500.0
2023-04-26,101.8294906616211,105.14721716764568,100.8688338775468,104.41434801979514,405600.0
2023-04-27,103.39427185058594,103.89936091904464,101.79978106176124,102.09688650046252,300000.0
2023-04-28,104.49358367919922,104.81050069380848,103.06745333550865,103.63196200390324,302500.0
2023-05-01,105.67210388183594,106.39507476069544,104.24598124156988,104.24598124156988,186500.0
2023-05-02,97.66995239257812,99.937892710662,94.27299480605384,99.937892710662,340400.0
2023-05-03,97.72937774658205,99.95770262750804,97.7095737389021,98.19485126398575,186300.0
2023-05-04,96.35277557373048,97.19458574378189,95.38221289901006,97.05593501252156,209400.0
2023-05-05,96.33295440673828,98.08590749364338,96.08536276046674,96.9469844096148,123200.0
2023-05-08,95.758544921875,97.1549578397484,94.85730772716111,96.89746041898768,113400.0
2023-05-09,94.8969268798828,95.74864275649637,94.44135915265424,95.66941161543988,107300.0
2023-05-10,95.17423248291016,96.11508532336232,93.99570132068168,96.11508532336232,99400.0
2023-05-11,95.6496124267578,95.7387417980134,93.71839293467676,94.28290162032243,142800.0
2023-05-12,95.05538940429688,96.68948824634182,94.31261445576828,95.81796836019136,149300.0
2023-05-15,95.6496124267578,96.20421533029804,93.56984398258412,95.08510374111212,131700.0
2023-05-16,94.61962127685548,95.26336104678091,93.21330258654868,94.85730713366434,83400.0
2023-05-17,96.06555938720705,96.57064846458488,94.37203342224336,95.14451815476389,131100.0
2023-05-18,97.5907211303711,97.9274421318746,96.03584594294642,96.14478686834984,167300.0
2023-05-19,97.5907211303711,98.70983261618214,96.7885266395798,98.70983261618214,143200.0
2023-05-22,97.37284088134766,98.30378787523732,96.4815094569743,98.16513715987894,131300.0
2023-05-23,97.0757293701172,98.20475422882674,96.5310322817204,97.05592536300531,181100.0
2023-05-24,94.474609375,96.69847355150722,94.2164799160704,96.69847355150722,119800.0
2023-05-25,96.48998260498048,97.04594673020124,93.8590679562296,94.01791160295991,153600.0
2023-05-26,97.49270629882812,97.55227929628994,95.52697159478691,96.43041333315404,90300.0
2023-05-30,97.60191345214844,97.89975571255124,96.72825443577996,97.72105187119824,65500.0
2023-05-31,96.56940460205078,97.82033150954916,95.5468244407444,97.28421997776414,220900.0
2023-06-01,97.4430694580078,97.8004771394551,95.39790159762758,96.44034193092271,123400.0
2023-06-02,100.78878784179688,101.18590831324398,98.5649238059132,98.5649238059132,139000.0
2023-06-05,97.84019470214844,100.5108147732282,97.80048189400776,99.92506789565115,186200.0
2023-06-06,100.58030700683594,102.1489287921334,96.83746396160684,97.611844758934,220300.0
2023-06-07,103.52891540527344,104.04517431363732,100.43139225286332,100.85828787884104,191900.0
2023-06-08,103.04244995117188,103.51898849337668,101.37454990456796,103.0623025677456,146400.0
2023-06-09,101.22562408447266,104.12459073444413,100.86821640713994,103.04244518184014,142800.0
2023-06-12,101.00720977783205,101.5532514015181,99.90520400962444,101.22562642730644,124800.0
2023-06-13,101.43411254882812,102.31770166379228,100.75900998717024,101.3943997423255,130200.0
2023-06-14,103.30057525634766,104.0948086528759,102.12907399010848,102.1687867961014,187500.0
2023-06-15,103.4296417236328,104.49193472378523,102.65526090148629,103.18144235374258,215600.0
2023-06-16,103.78704833984376,104.50186372958385,101.55325403412778,104.50186372958385,530200.0
2023-06-20,102.03972625732422,104.42244178200248,101.8113870730746,103.70762636715462,132400.0
2023-06-21,102.53612518310548,102.88360279523312,100.53067755422316,101.31498849270776,131100.0
2023-06-22,100.6498031616211,103.12187427572708,99.56765757247352,102.62547554871767,267900.0
2023-06-23,98.7535629272461,100.67959239166062,98.4656507596676,99.83570850504212,324200.0
2023-06-26,100.7689437866211,101.3348380448096,98.61457508215292,98.61457508215292,97600.0
2023-06-27,103.07223510742188,103.77712041637903,100.6895196165655,100.79872794641952,150300.0
2023-06-28,103.94589233398438,104.6805679171844,102.6751127811808,103.38992817324372,101300.0
2023-06-29,107.05335235595705,107.10298768448855,103.90618621309132,103.90618621309132,137200.0
2023-06-30,105.34573364257812,107.361111170318,105.1074643853354,107.361111170318,106800.0
2023-07-03,105.31594848632812,106.07046904581397,104.39264661470722,104.83940240846708,65900.0
2023-07-05,103.18143463134766,105.0776737366783,102.35741096711791,104.66070064433666,142900.0
2023-07-06,102.49640655517578,103.1516565075124,101.34476545258278,101.98015521424308,118100.0
2023-07-07,104.9585418701172,106.24917393967448,102.62546950544862,102.81409585998306,203000.0
2023-07-10,106.8547821044922,106.8547821044922,104.14444942720397,104.81955196641024,112100.0
2023-07-11,108.27448272705078,108.4432640427294,106.37824361938154,106.85478213280452,106100.0
2023-07-12,108.87017822265624,109.90268096413452,108.34398918156177,109.46585521179952,199000.0
2023-07-13,107.63909912109376,108.96945166023058,107.5001080822286,108.87017342881882,105600.0
2023-07-14,107.5298843383789,108.05606575026977,106.63637273487382,107.2022669518338,98900.0
2023-07-17,108.21492004394533,108.76096166110034,106.84486231514266,107.07320148272144,90300.0
2023-07-18,111.99747467041016,112.73215021575407,110.1508708608799,110.79619069959844,145200.0
2023-07-19,116.99124908447266,117.45786510271846,114.82695789251304,115.1446527768271,165900.0
2023-07-20,116.08780670166016,117.28909071312724,114.93615801827082,116.48492719849936,110600.0
2023-07-21,117.16995239257812,118.95699084267072,116.2863632629333,116.59413562483138,245100.0
2023-07-24,118.4605941772461,118.82793196906157,114.53904718861185,115.25385500665044,169600.0
2023-07-25,117.41815185546876,119.92993578311676,117.16002997036054,117.90462806278607,188300.0
2023-07-26,119.1356964111328,120.1582765934174,117.20966689533088,117.81527395804297,167000.0
2023-07-27,117.23944091796876,120.50574526141524,116.9912415688416,119.9994240427948,191400.0
2023-07-28,118.33152770996094,119.03641297397144,117.64649506172904,117.9641899352893,247700.0
2023-07-31,117.98404693603516,118.91727897562168,117.20966612635424,118.6889398006868,217400.0
2023-08-01,117.64649963378906,118.61944448250298,116.77284059115638,117.57700411419832,148000.0
2023-08-02,118.05355072021484,118.29181999202288,115.89917445507388,116.42535590193656,146400.0
2023-08-03,111.35216522216795,111.88826917770515,93.44209838046648,106.249179379266,263100.0
2023-08-04,109.5452651977539,111.97762345496334,108.58225804960584,111.40179912555604,176400.0
2023-08-07,110.25016021728516,111.20324486350736,108.73117375122372,109.77361410695234,142800.0
2023-08-08,109.2077178955078,110.09130700707054,108.18513774894262,109.5154826766642,105100.0
2023-08-09,109.2077178955078,109.68426399726144,108.16527755854608,108.8503102128034,111800.0
2023-08-10,103.27078247070312,112.5435141483512,102.3375580630159,112.5435141483512,524000.0
2023-08-11,77.09072875976562,93.52152313206912,74.02298049154196,93.3825320855548,2922500.0
2023-08-14,72.70256042480469,77.62683485625884,71.64026745878758,77.32899259218385,1310100.0
2023-08-15,66.95426177978516,71.57076381639341,66.88476626196044,71.25306893855993,1025900.0
2023-08-16,64.06486511230469,68.01038292180431,63.97519027948929,67.10370704158993,1139300.0
2023-08-17,63.17811965942383,64.66267264099523,59.87026067040641,64.06486826495498,2305900.0
2023-08-18,64.34384155273438,64.73241476768797,62.39100611743953,63.0485924352258,1149300.0
2023-08-21,64.92172241210938,68.10005184799188,64.80215849921137,65.68890328242725,1379700.0
2023-08-22,62.57034683227539,65.21065380532899,61.33488349867788,64.84201171790984,996000.0
2023-08-23,64.51322174072266,64.52318730107041,61.52419216200192,62.66998835414393,1145800.0
2023-08-24,67.90078735351562,68.0900873834471,63.88552566575097,64.02501309896152,1056000.0
2023-08-25,70.94959259033203,71.59721713796749,66.64539062040153,68.02034138805476,1035800.0
2023-08-28,70.63076782226562,72.3046246782093,69.98314323129722,72.3046246782093,908400.0
2023-08-29,73.50022888183594,74.21759714705267,70.96952403725825,71.64703766535241,1056000.0
2023-08-30,71.73670959472656,74.19767848734045,71.25846151943713,73.53013037519284,791400.0
2023-08-31,70.56101989746094,71.93597067515746,69.86358274967895,71.8164143649633,492300.0
2023-09-01,71.45773315429688,71.47765667297925,70.26211679298613,70.84996321430032,344900.0
2023-09-05,69.78387451171875,71.29831274146561,68.94694232045462,71.29831274146561,500600.0
2023-09-06,70.68058776855469,70.77025500622331,69.07647463730167,69.96321946122474,625000.0
2023-09-07,69.91339874267578,70.989451195685,69.52482551267164,70.50124516851227,496300.0
2023-09-08,69.48497009277344,71.05919411543285,69.18607170462607,70.17244930805403,622400.0
2023-09-11,68.57830047607422,70.23222614354744,67.85096663576408,70.23222614354744,659300.0
2023-09-12,69.68424224853516,69.89347339757069,67.25316253336905,68.59822426373744,791300.0
2023-09-13,69.58460235595703,71.09904820968866,68.96687446428587,68.96687446428587,748900.0
2023-09-14,68.70782470703125,70.9495968596302,68.05024216171306,69.95325368069733,564500.0
2023-09-15,68.89713287353516,70.10270721713903,67.93067876629607,68.08013176458479,1600200.0
2023-09-18,69.01668548583984,70.3717127549884,68.22958109999878,68.76759970256246,778200.0
2023-09-19,68.18972778320312,69.24584909227599,67.07382071596925,69.14621629733429,360900.0
2023-09-20,66.6155014038086,69.5547105580549,66.56568120736588,68.31924722152196,269800.0
2023-09-21,66.515869140625,66.75498936216047,65.44978230113983,66.19703964474611,343700.0
2023-09-22,65.4597396850586,67.59191334532417,65.23058502520004,66.64539042565762,356800.0
2023-09-25,66.4062728881836,69.03661821271538,65.3501439734812,67.77125814736785,395600.0
2023-09-26,65.40992736816406,67.01404039997081,65.12098695109694,65.82838965433241,439800.0
2023-09-27,65.65901184082031,66.32655989377191,64.50325019556566,66.10736319543089,496400.0
2023-09-28,67.50225067138672,67.73141294821316,65.3800424274076,65.3800424274076,446100.0
2023-09-29,68.4886245727539,69.57464253635865,66.91440820575478,68.20964971281722,554600.0
2023-10-02,67.82107543945312,68.62811092899987,66.38633892337472,68.03030658113211,820900.0
2023-10-03,69.41522216796875,69.60452979003425,67.47235615753978,67.55206543014575,418100.0
2023-10-04,70.64073181152344,70.74036460757311,68.72775476198733,69.74402144408617,382300.0
2023-10-05,70.3218994140625,71.71678130593394,69.60453114958607,69.71412950118635,908000.0
2023-10-06,71.13890075683594,71.76659419003195,70.10270299303193,70.1425576302738,462100.0
2023-10-09,72.38433074951172,73.62975967637361,70.88981603727746,70.95955975312192,669900.0
2023-10-10,72.49392700195312,73.08176578967583,71.73670410795069,72.41421772858557,457600.0
2023-10-11,72.64337921142578,73.43048357264597,71.71677982255845,72.38432787650196,626400.0
2023-10-12,71.46769714355469,72.8825025852552,70.98944908924307,72.71312607494491,250300.0
2023-10-13,71.76659393310547,73.50022883869859,70.640728940659,71.3879862829054,442800.0
2023-10-16,74.05818939208984,74.48661725775497,71.46769867942639,71.56733147577977,396200.0
2023-10-17,76.99739837646484,79.21924697334485,74.21760004110163,74.95489945437737,1289600.0
2023-10-18,75.00470733642578,76.09072526798093,74.53642486328239,76.05087063180973,331400.0
2023-10-19,75.73204040527344,76.42947752773047,74.66595360294939,75.13423607152534,505100.0
2023-10-20,75.28368377685547,77.03724979792126,74.80544333569782,76.55900175526887,407000.0
2023-10-23,73.92865753173828,75.65233449890466,73.58990451476048,75.22390664705371,475800.0
2023-10-24,74.18770599365234,74.65598846487053,72.64337875621388,74.58624475223131,386200.0
2023-10-25,72.72308349609375,74.15782004693487,72.40425399607294,74.08807633135204,319700.0
2023-10-26,71.59722137451172,77.26641648943898,71.40791373822564,76.71842470097678,1571200.0
2023-10-27,70.10270690917969,72.23488071101272,69.66431347652404,71.63707632197925,574200.0
2023-10-30,70.7204360961914,71.69684807063797,69.12628106596148,71.59721528162223,602100.0
2023-10-31,64.1744613647461,68.67792873700284,62.82939592769725,63.706175100647,882100.0
2023-11-01,62.44082260131836,64.56303834910088,61.8430182391312,64.00508102309729,581300.0
2023-11-02,65.14091491699219,65.81842858912177,63.05856130208375,63.05856130208375,592600.0
2023-11-03,65.98780822753906,67.54210106332731,65.78853504250547,66.76495464543319,320400.0
2023-11-06,66.71513366699219,66.8944757306734,65.18076436694061,65.96787633523624,248000.0
2023-11-07,66.28670501708984,66.98414974578051,65.27043840296201,65.93798645349179,239500.0
2023-11-08,64.37373352050781,66.77491663349188,63.9652291676564,66.58561659815398,277300.0
2023-11-09,63.85562896728516,65.27044202035712,63.84567100884088,65.08113438898592,206500.0
2023-11-10,64.33387756347656,64.61285243215156,63.31760708377083,64.18442456911637,193600.0
2023-11-13,63.706180572509766,64.7623056951928,63.28771826776119,63.89548440550352,235900.0
2023-11-14,66.10736846923828,67.07382257002689,65.4398203630321,65.4398203630321,710700.0
2023-11-15,66.2269287109375,67.84099970789465,65.80846642294821,66.29667242560238,449900.0
2023-11-16,64.52318572998047,66.25682071500714,64.16450158114803,65.96788028392017,331100.0
2023-11-17,65.58927154541016,66.05755404326706,63.01870438791582,65.140912565943,907800.0
2023-11-20,65.38999938964844,65.7387255796997,64.08479227184036,65.7387255796997,314000.0
2023-11-21,64.91000366210938,65.58999633789062,64.54000091552734,65.27999877929688,314100.0
2023-11-22,64.72000122070312,65.87999725341797,64.44000244140625,65.08000183105469,361800.0
2023-11-24,65.01000213623047,65.13999938964844,64.20999908447266,64.38999938964844,64900.0
2023-11-27,63.29999923706055,64.66000366210938,63.06999969482422,64.66000366210938,223400.0
2023-11-28,63.52999877929688,63.709999084472656,62.63999938964844,63.29999923706055,171500.0
2023-11-29,63.52000045776367,65.19999694824219,63.22999954223633,63.83000183105469,279300.0
2023-11-30,63.52999877929688,65.08999633789062,63.02999877929688,63.72999954223633,314900.0
2023-12-01,65.58000183105469,65.63999938964844,63.65999984741211,63.65999984741211,267800.0
2023-12-04,66.19999694824219,66.93000030517578,65.33000183105469,65.41000366210938,203900.0
2023-12-05,64.76000213623047,66.0999984741211,64.73999786376953,66.0999984741211,180500.0
2023-12-06,63.93000030517578,65.58999633789062,63.540000915527344,65.29000091552734,322800.0
2023-12-07,63.7400016784668,65.05999755859375,63.47999954223633,63.5,280000.0
2023-12-08,63.52999877929688,64.58000183105469,63.16999816894531,63.38999938964844,221900.0
2023-12-11,63.45000076293945,64.0,63.150001525878906,63.41999816894531,206500.0
2023-12-12,63.709999084472656,64.0,62.72999954223633,63.380001068115234,228600.0
2023-12-13,64.0199966430664,64.37000274658203,61.5,63.43000030517578,461300.0
2023-12-14,65.36000061035156,66.73999786376953,64.8499984741211,65.22000122070312,294700.0
2023-12-15,64.05000305175781,66.76000213623047,63.9900016784668,66.12000274658203,1504900.0
2023-12-18,64.12000274658203,64.93000030517578,63.52999877929688,64.76000213623047,322300.0
2023-12-19,65.77999877929688,66.70999908447266,64.44000244140625,64.44000244140625,383100.0
2023-12-20,63.630001068115234,65.91999816894531,63.59999847412109,65.0,427600.0
2023-12-21,65.52999877929688,65.86000061035156,64.2699966430664,64.61000061035156,479900.0
2023-12-22,65.61000061035156,67.19999694824219,65.45999908447266,66.31999969482422,306700.0
2023-12-26,65.08000183105469,66.06999969482422,65.01000213623047,65.9800033569336,126800.0
2023-12-27,63.93000030517578,65.69999694824219,63.72999954223633,65.04000091552734,237300.0
2023-12-28,63.709999084472656,64.47000122070312,63.58000183105469,63.79999923706055,151200.0
2023-12-29,62.869998931884766,63.91999816894531,62.72999954223633,63.5,215300.0
2024-01-02,62.220001220703125,63.09000015258789,61.81999969482422,62.5099983215332,258800.0
2024-01-03,61.93000030517578,63.02999877929688,60.880001068115234,61.7400016784668,403700.0
2024-01-04,63.93000030517578,64.0199966430664,61.40999984741211,61.52000045776367,630000.0
2024-01-05,62.45000076293945,64.1500015258789,62.36000061035156,63.470001220703125,357200.0
2024-01-08,64.27999877929688,64.33000183105469,61.77999877929688,62.31999969482422,300400.0
2024-01-09,63.380001068115234,63.630001068115234,62.75,63.43000030517578,225700.0
2024-01-10,57.81999969482422,61.77999877929688,56.40999984741211,61.58000183105469,891800.0
2024-01-11,56.47999954223633,57.66999816894531,55.11000061035156,57.66999816894531,818200.0
2024-01-12,56.34000015258789,57.41999816894531,55.40999984741211,57.41999816894531,428000.0
2024-01-16,53.619998931884766,56.0,53.33000183105469,56.0,697300.0
2024-01-17,53.04999923706055,53.880001068115234,51.79999923706055,52.959999084472656,786500.0
2024-01-18,52.470001220703125,53.310001373291016,52.27999877929688,53.15999984741211,484100.0
2024-01-19,51.29999923706055,52.869998931884766,50.810001373291016,52.77999877929688,467900.0
2024-01-22,53.0,61.41999816894531,49.91999816894531,51.52000045776367,2893300.0
2024-01-23,49.65999984741211,54.0,49.47999954223633,53.540000915527344,1571000.0
2024-01-24,48.810001373291016,50.52999877929688,48.470001220703125,50.220001220703125,1044400.0
2024-01-25,46.869998931884766,49.54999923706055,46.18999862670898,49.369998931884766,770300.0
2024-01-26,46.54999923706055,47.5,46.36000061035156,47.290000915527344,404100.0
2024-01-29,46.68000030517578,46.720001220703125,45.810001373291016,46.20000076293945,551400.0
2024-01-30,45.310001373291016,46.18999862670898,45.08000183105469,46.16999816894531,727600.0
2024-01-31,44.33000183105469,45.93999862670898,44.2599983215332,45.45000076293945,728200.0
2024-02-01,43.720001220703125,44.5099983215332,43.09000015258789,44.2599983215332,734200.0
2024-02-02,43.68999862670898,43.720001220703125,42.040000915527344,43.150001525878906,673800.0
2024-02-05,42.209999084472656,43.63999938964844,41.93000030517578,43.22999954223633,539100.0
2024-02-06,43.4900016784668,43.900001525878906,42.13999938964844,42.13999938964844,462700.0
2024-02-07,44.290000915527344,44.70000076293945,42.130001068115234,42.130001068115234,633500.0
2024-02-08,42.619998931884766,44.09999847412109,42.040000915527344,44.0,559100.0
2024-02-09,41.43000030517578,42.650001525878906,41.34999847412109,42.369998931884766,702300.0
2024-02-12,42.79999923706055,43.150001525878906,41.459999084472656,41.470001220703125,696800.0
2024-02-13,40.40999984741211,42.08000183105469,40.2400016784668,41.68999862670898,750700.0
2024-02-14,41.150001525878906,41.34000015258789,40.43999862670898,40.84000015258789,618700.0
2024-02-15,41.02999877929688,41.88999938964844,40.75,41.22999954223633,898600.0
2024-02-16,39.27000045776367,41.09000015258789,39.15999984741211,41.0,797800.0
2024-02-20,40.88999938964844,40.93999862670898,39.150001525878906,39.5,646200.0
2024-02-21,39.66999816894531,41.02000045776367,39.36000061035156,40.91999816894531,923600.0
2024-02-22,38.88999938964844,39.880001068115234,38.790000915527344,39.880001068115234,889500.0
2024-02-23,40.06999969482422,40.34000015258789,38.56999969482422,38.84999847412109,853500.0
2024-02-26,39.66999816894531,40.61000061035156,39.25,40.04999923706055,746200.0
2024-02-27,40.150001525878906,40.75,39.77000045776367,40.0099983215332,520200.0
2024-02-28,39.150001525878906,40.02000045776367,39.08000183105469,39.61000061035156,551500.0
2024-02-29,37.130001068115234,40.77000045776367,36.29999923706055,37.0099983215332,1478400.0
2024-03-01,32.040000915527344,36.68000030517578,31.799999237060547,36.25,2722800.0
2024-03-04,31.780000686645508,32.790000915527344,29.530000686645508,32.72999954223633,2182300.0
2024-03-05,30.26000022888184,32.15999984741211,30.1200008392334,31.280000686645508,1007400.0
2024-03-06,30.75,30.940000534057617,30.1200008392334,30.46999931335449,1138800.0
2024-03-07,31.299999237060547,31.959999084472656,30.540000915527344,31.01000022888184,2052500.0
2024-03-08,30.40999984741211,31.709999084472656,30.200000762939453,31.63999938964844,624600.0
2024-03-11,30.040000915527344,31.040000915527344,29.6299991607666,30.209999084472656,770000.0
2024-03-12,29.51000022888184,30.200000762939453,29.170000076293945,29.940000534057617,766300.0
2024-03-13,29.5,30.049999237060547,29.07999992370605,29.440000534057617,665400.0
2024-03-14,28.350000381469727,29.309999465942383,28.21999931335449,29.299999237060547,1252100.0
2024-03-15,28.01000022888184,28.959999084472656,27.600000381469727,28.09000015258789,5768000.0
2024-03-18,26.600000381469727,27.739999771118164,26.350000381469727,27.729999542236328,1810200.0
2024-03-19,27.1299991607666,27.46999931335449,26.39999961853028,26.59000015258789,1243900.0
2024-03-20,27.06999969482422,27.450000762939453,26.440000534057617,26.6200008392334,814300.0
2024-03-21,28.75,28.770000457763672,26.56999969482422,27.38999938964844,1289900.0
2024-03-22,29.14999961853028,29.709999084472656,28.549999237060547,28.89999961853028,897700.0
2024-03-25,28.959999084472656,29.350000381469727,28.459999084472656,29.15999984741211,887900.0
2024-03-26,29.14999961853028,29.8799991607666,28.5,29.46999931335449,1117300.0
2024-03-27,30.0,30.39999961853028,29.5,29.51000022888184,754200.0
2024-03-28,31.11000061035156,31.600000381469727,29.8700008392334,30.0,990100.0
2024-04-01,28.93000030517578,30.950000762939453,28.440000534057617,30.940000534057617,873800.0
2024-04-02,27.420000076293945,28.88999938964844,27.309999465942383,28.850000381469727,998500.0
2024-04-03,27.459999084472656,28.15999984741211,27.239999771118164,27.3799991607666,767500.0
2024-04-04,28.01000022888184,29.299999237060547,27.5,28.049999237060547,862400.0
2024-04-05,28.18000030517578,28.65999984741211,27.06999969482422,27.76000022888184,712100.0
2024-04-08,29.280000686645508,29.59000015258789,28.520000457763672,28.530000686645508,584900.0
2024-04-09,30.01000022888184,30.89999961853028,29.420000076293945,29.450000762939453,706700.0
2024-04-10,28.549999237060547,29.3700008392334,28.26000022888184,29.15999984741211,914100.0
2024-04-11,27.600000381469727,29.040000915527344,27.420000076293945,28.350000381469727,784200.0
2024-04-12,25.57999992370605,27.38999938964844,25.3799991607666,27.3700008392334,769600.0
2024-04-15,24.520000457763672,25.739999771118164,24.489999771118164,25.36000061035156,1036000.0
2024-04-16,25.21999931335449,25.59000015258789,24.11000061035156,24.39999961853028,738100.0
2024-04-17,22.64999961853028,25.1200008392334,22.56999969482422,24.790000915527344,908800.0
2024-04-18,22.75,22.86000061035156,22.07999992370605,22.709999084472656,877500.0
2024-04-19,23.780000686645508,23.82999992370605,22.71999931335449,22.71999931335449,906700.0
2024-04-22,23.549999237060547,24.190000534057617,23.18000030517578,23.51000022888184,795000.0
2024-04-23,24.0,24.18000030517578,23.209999084472656,23.299999237060547,881000.0
2024-04-24,23.299999237060547,24.0,23.040000915527344,23.71999931335449,1038000.0
2024-04-25,23.040000915527344,23.36000061035156,22.739999771118164,23.229999542236328,583900.0
2024-04-26,22.270000457763672,23.030000686645508,21.700000762939453,22.90999984741211,940100.0
2024-04-29,22.520000457763672,23.38999938964844,22.3799991607666,22.450000762939453,523700.0
2024-04-30,22.020000457763672,22.270000457763672,21.600000381469727,22.21999931335449,528300.0
2024-05-01,21.049999237060547,22.21999931335449,20.989999771118164,22.020000457763672,548800.0
2024-05-02,21.1200008392334,21.799999237060547,20.950000762939453,21.39999961853028,594200.0
2024-05-03,21.780000686645508,21.989999771118164,21.32999992370605,21.57999992370605,596100.0
2024-05-06,20.76000022888184,22.200000762939453,20.700000762939453,21.64999961853028,764700.0
2024-05-07,20.90999984741211,21.36000061035156,20.670000076293945,20.86000061035156,640800.0
2024-05-08,21.51000022888184,21.700000762939453,20.5,20.739999771118164,758300.0
2024-05-09,16.760000228881836,18.010000228881836,12.850000381469728,12.869999885559082,5073700.0
2024-05-10,15.4399995803833,16.75,14.449999809265137,16.75,2219500.0
2024-05-13,16.15999984741211,17.31999969482422,15.1899995803833,15.619999885559082,1638200.0
2024-05-14,14.81999969482422,16.959999084472656,14.770000457763672,16.399999618530273,1424800.0
2024-05-15,14.40999984741211,15.09000015258789,14.140000343322754,14.960000038146973,1225200.0
2024-05-16,15.399999618530272,15.59000015258789,14.0600004196167,14.470000267028809,1586300.0
2024-05-17,14.279999732971191,15.5,14.260000228881836,15.43000030517578,1424400.0
2024-05-20,13.5,14.300000190734863,13.470000267028809,14.300000190734863,1947400.0
2024-05-21,12.5600004196167,13.31999969482422,11.210000038146973,13.300000190734863,4565700.0
2024-05-22,12.25,13.130000114440918,12.020000457763672,12.43000030517578,1611800.0
2024-05-23,12.5,12.640000343322754,11.279999732971191,12.1899995803833,1953600.0
2024-05-24,12.329999923706056,12.920000076293944,11.9399995803833,12.609999656677246,1800300.0
2024-05-28,15.0,15.010000228881836,12.779999732971191,12.989999771118164,1674700.0
2024-05-29,14.329999923706056,15.75,14.050000190734863,15.260000228881836,1941400.0
2024-05-30,16.739999771118164,16.959999084472656,14.529999732971191,14.630000114440918,1877800.0
2024-05-31,16.799999237060547,17.959999084472656,16.309999465942383,16.8700008392334,1896600.0
2024-06-03,17.229999542236328,17.989999771118164,17.0,17.059999465942383,1345100.0
2024-06-04,18.670000076293945,18.950000762939453,16.610000610351562,17.040000915527344,1675700.0
2024-06-05,19.239999771118164,19.799999237060547,18.530000686645508,18.809999465942383,1214600.0
2024-06-06,19.350000381469727,19.43000030517578,18.84000015258789,19.09000015258789,722200.0
2024-06-07,20.670000076293945,21.01000022888184,18.799999237060547,19.13999938964844,1399200.0
2024-06-10,21.709999084472656,21.89999961853028,19.5,20.64999961853028,1705100.0
2024-06-11,20.96999931335449,22.530000686645508,20.040000915527344,20.65999984741211,1671200.0
2024-06-12,21.0,22.239999771118164,20.790000915527344,21.40999984741211,1373800.0
2024-06-13,20.21999931335449,21.030000686645508,19.350000381469727,21.0,1266800.0
2024-06-14,20.8799991607666,21.049999237060547,19.65999984741211,20.15999984741211,1069000.0
2024-06-17,21.5,22.0,20.21999931335449,20.64999961853028,968100.0
2024-06-18,20.979999542236328,21.89999961853028,20.670000076293945,21.15999984741211,983600.0
2024-06-20,20.86000061035156,21.299999237060547,20.26000022888184,21.030000686645508,1196900.0
2024-06-21,20.18000030517578,21.049999237060547,20.0,20.65999984741211,3860100.0
2024-06-24,18.799999237060547,20.6299991607666,18.450000762939453,20.450000762939453,1415000.0
2024-06-25,19.09000015258789,19.51000022888184,18.450000762939453,18.799999237060547,877500.0
2024-06-26,19.670000076293945,20.420000076293945,19.1200008392334,19.440000534057617,789600.0
2024-06-27,19.8799991607666,20.07999992370605,19.479999542236328,19.670000076293945,763100.0
2024-06-28,19.040000915527344,20.530000686645508,18.75,20.049999237060547,1768000.0
2024-07-01,19.09000015258789,19.440000534057617,18.88999938964844,19.030000686645508,681600.0
2024-07-02,19.34000015258789,19.36000061035156,18.76000022888184,19.11000061035156,542400.0
2024-07-03,19.450000762939453,20.51000022888184,19.39999961853028,19.600000381469727,319700.0
2024-07-05,18.790000915527344,19.46999931335449,18.36000061035156,19.46999931335449,609500.0
2024-07-08,19.32999992370605,19.479999542236328,18.729999542236328,18.790000915527344,800200.0
2024-07-09,18.64999961853028,19.200000762939453,17.520000457763672,18.90999984741211,921800.0
2024-07-10,19.36000061035156,19.520000457763672,18.71999931335449,18.81999969482422,549400.0
2024-07-11,21.43000030517578,21.479999542236328,19.39999961853028,19.799999237060547,741700.0
2024-07-12,23.6200008392334,23.979999542236328,21.920000076293945,21.93000030517578,1305400.0
2024-07-15,24.84000015258789,25.01000022888184,22.90999984741211,23.82999992370605,946300.0
2024-07-16,25.200000762939453,25.75,24.51000022888184,25.06999969482422,993000.0
2024-07-17,24.96999931335449,25.5,24.190000534057617,25.229999542236328,598300.0
2024-07-18,24.5,25.600000381469727,23.940000534057617,24.850000381469727,622000.0
2024-07-19,25.26000022888184,25.5,23.809999465942383,24.489999771118164,484300.0
2024-07-22,25.049999237060547,25.82999992370605,24.06999969482422,25.459999084472656,663700.0
2024-07-23,25.14999961853028,25.270000457763672,24.450000762939453,24.93000030517578,484800.0
2024-07-24,25.299999237060547,25.76000022888184,24.549999237060547,25.1299991607666,535900.0
2024-07-25,27.670000076293945,28.40999984741211,25.18000030517578,25.559999465942383,1261100.0
2024-07-26,26.0,28.049999237060547,24.940000534057617,28.049999237060547,627200.0
2024-07-29,24.09000015258789,26.0,23.690000534057617,26.0,700500.0
2024-07-30,24.959999084472656,25.290000915527344,23.780000686645508,24.229999542236328,889900.0
2024-07-31,25.36000061035156,26.14999961853028,23.84000015258789,25.1299991607666,622800.0
2024-08-01,23.979999542236328,25.350000381469727,22.82999992370605,25.31999969482422,875400.0
2024-08-02,21.96999931335449,23.549999237060547,21.88999938964844,23.15999984741211,682300.0
2024-08-05,21.51000022888184,21.979999542236328,19.46999931335449,20.15999984741211,879900.0
2024-08-06,21.3700008392334,21.549999237060547,20.46999931335449,21.459999084472656,933800.0
2024-08-07,22.5,22.600000381469727,21.43000030517578,21.88999938964844,1068700.0
2024-08-08,27.239999771118164,28.39999961853028,25.790000915527344,27.059999465942383,1687000.0
2024-08-09,26.0,28.1299991607666,25.90999984741211,27.6299991607666,900800.0
2024-08-12,24.76000022888184,25.559999465942383,23.989999771118164,25.32999992370605,649800.0
2024-08-13,25.459999084472656,25.76000022888184,24.299999237060547,24.93000030517578,603300.0
2024-08-14,25.1299991607666,25.65999984741211,24.65999984741211,25.65999984741211,664100.0
2024-08-15,27.489999771118164,27.989999771118164,25.89999961853028,25.93000030517578,1217600.0
2024-08-16,28.549999237060547,28.979999542236328,27.40999984741211,27.40999984741211,1232300.0
2024-08-19,31.06999969482422,31.57999992370605,28.8700008392334,28.940000534057617,1139700.0
2024-08-20,30.56999969482422,33.22999954223633,30.290000915527344,31.06999969482422,1233300.0
2024-08-21,30.61000061035156,31.93000030517578,30.299999237060547,31.299999237060547,652100.0
2024-08-22,31.280000686645508,32.099998474121094,30.229999542236328,30.670000076293945,768100.0
2024-08-23,32.02000045776367,32.75,30.93000030517578,31.309999465942383,725100.0
2024-08-26,32.9900016784668,33.099998474121094,31.100000381469727,32.22999954223633,926500.0
2024-08-27,33.130001068115234,33.20000076293945,32.02000045776367,32.84000015258789,770600.0
2024-08-28,32.439998626708984,33.0,32.15999984741211,32.849998474121094,847700.0
2024-08-29,33.08000183105469,33.959999084472656,32.400001525878906,32.849998474121094,502600.0
2024-08-30,31.770000457763672,33.4900016784668,31.489999771118164,33.369998931884766,677300.0
2024-09-03,32.2400016784668,32.959999084472656,30.229999542236328,31.64999961853028,632700.0
2024-09-04,33.5,34.189998626708984,31.790000915527344,32.119998931884766,673300.0
2024-09-05,31.81999969482422,33.9900016784668,31.309999465942383,33.7400016784668,581700.0
2024-09-06,31.940000534057617,32.54999923706055,31.479999542236328,31.82999992370605,486900.0
2024-09-09,32.099998474121094,32.65999984741211,30.040000915527344,31.90999984741211,1168400.0
2024-09-10,33.36000061035156,33.380001068115234,30.479999542236328,32.0,677900.0
2024-09-11,32.790000915527344,33.34000015258789,31.46999931335449,33.33000183105469,796500.0
2024-09-12,34.02000045776367,34.40999984741211,33.0,33.0,846600.0
2024-09-13,35.40999984741211,35.47999954223633,33.91999816894531,34.5,1058200.0
2024-09-16,35.0,36.310001373291016,33.779998779296875,35.2599983215332,1334700.0
2024-09-17,36.22999954223633,36.4900016784668,34.43000030517578,35.58000183105469,1129600.0
2024-09-18,36.43000030517578,37.25,35.939998626708984,36.41999816894531,791300.0
2024-09-19,37.18999862670898,37.68999862670898,36.52999877929688,37.0,889200.0
2024-09-20,35.939998626708984,37.13999938964844,35.25,36.56999969482422,4146300.0
2024-09-23,36.63999938964844,37.150001525878906,35.63999938964844,36.29999923706055,1268500.0
2024-09-24,37.22999954223633,37.400001525878906,36.56999969482422,37.04999923706055,1000500.0
2024-09-25,35.93000030517578,37.52000045776367,35.90999984741211,37.0099983215332,923300.0
2024-09-26,35.52000045776367,36.7599983215332,35.38999938964844,36.540000915527344,854300.0
2024-09-27,35.43000030517578,36.630001068115234,35.20000076293945,35.95000076293945,448900.0
2024-09-30,35.400001525878906,36.61000061035156,35.189998626708984,35.45000076293945,659300.0
2024-10-01,34.40999984741211,35.54999923706055,33.5099983215332,35.5099983215332,602200.0
2024-10-02,35.470001220703125,35.599998474121094,34.119998931884766,34.2599983215332,460600.0
2024-10-03,34.06999969482422,35.59000015258789,33.900001525878906,35.400001525878906,387000.0
2024-10-04,35.38999938964844,35.560001373291016,33.86000061035156,34.439998626708984,361800.0
2024-10-07,37.650001525878906,37.900001525878906,34.75,36.09000015258789,1056800.0
2024-10-08,37.4900016784668,37.959999084472656,36.310001373291016,37.34999847412109,359900.0
2024-10-09,36.08000183105469,38.58000183105469,35.83000183105469,37.45000076293945,501600.0
2024-10-10,35.619998931884766,36.16999816894531,34.20000076293945,35.060001373291016,617300.0
2024-10-11,36.720001220703125,37.2599983215332,36.04999923706055,36.09000015258789,440600.0
2024-10-14,35.619998931884766,36.459999084472656,35.0,36.459999084472656,425400.0
2024-10-15,36.31999969482422,37.02000045776367,35.41999816894531,35.619998931884766,518300.0
2024-10-16,37.83000183105469,38.18999862670898,36.61000061035156,37.25,694800.0
2024-10-17,40.15999984741211,40.34000015258789,36.22999954223633,37.61000061035156,1988200.0
2024-10-18,39.65999984741211,40.5,38.380001068115234,40.22999954223633,1104000.0
2024-10-21,39.41999816894531,40.91999816894531,39.380001068115234,40.09999847412109,713900.0
2024-10-22,37.5,39.43999862670898,37.31999969482422,39.2400016784668,649200.0
2024-10-23,36.75,37.470001220703125,36.56999969482422,37.2400016784668,409100.0
2024-10-24,36.58000183105469,38.59000015258789,36.06999969482422,37.52000045776367,468500.0
2024-10-25,36.88999938964844,37.84000015258789,36.47999954223633,36.77999877929688,305800.0
2024-10-28,37.29999923706055,38.04999923706055,37.08000183105469,37.45000076293945,422400.0
2024-10-29,36.9900016784668,37.650001525878906,36.650001525878906,37.27999877929688,482400.0
2024-10-30,37.27999877929688,38.43000030517578,36.540000915527344,36.65999984741211,761100.0
2024-10-31,35.33000183105469,38.25,35.279998779296875,37.27999877929688,697600.0
2024-11-01,34.2400016784668,35.779998779296875,33.790000915527344,35.5099983215332,946000.0
2024-11-04,33.72999954223633,34.68000030517578,33.310001373291016,34.0,1021700.0
2024-11-05,36.5,36.5,30.299999237060547,31.809999465942383,1686300.0
2024-11-06,37.91999816894531,39.88999938964844,36.900001525878906,38.0,1491900.0
2024-11-07,36.84999847412109,38.2400016784668,36.72999954223633,37.68000030517578,801800.0
2024-11-08,35.400001525878906,37.0,35.18000030517578,37.0,626900.0
2024-11-11,35.400001525878906,35.91999816894531,34.029998779296875,35.45000076293945,810000.0
2024-11-12,34.84000015258789,35.189998626708984,33.75,35.130001068115234,787900.0
2024-11-13,35.70000076293945,36.52999877929688,34.81999969482422,35.34000015258789,678000.0
2024-11-14,36.06999969482422,36.93000030517578,35.5099983215332,36.220001220703125,534000.0
2024-11-15,34.52000045776367,36.209999084472656,34.13999938964844,36.209999084472656,436800.0
2024-11-18,33.02000045776367,35.060001373291016,32.779998779296875,34.630001068115234,854900.0
2024-11-19,34.470001220703125,34.56999969482422,32.5,32.5,370900.0
2024-11-20,34.939998626708984,35.150001525878906,33.7599983215332,34.709999084472656,370700.0
2024-11-21,35.68000030517578,36.11000061035156,34.86000061035156,35.2599983215332,385400.0
2024-11-22,35.880001068115234,36.54999923706055,35.56999969482422,35.779998779296875,266100.0
2024-11-25,35.439998626708984,37.22999954223633,35.22999954223633,36.650001525878906,691300.0
2024-11-26,36.02999877929688,36.15999984741211,34.5,35.15999984741211,595700.0
2024-11-27,35.9900016784668,36.650001525878906,35.65999984741211,36.5,356800.0
2024-11-29,36.68999862670898,36.68999862670898,36.02999877929688,36.5,264000.0
2024-12-02,36.0,36.59999847412109,35.47999954223633,36.59999847412109,876200.0
2024-12-03,34.38999938964844,36.5099983215332,34.290000915527344,36.02000045776367,542000.0
2024-12-04,34.29999923706055,35.619998931884766,33.439998626708984,34.16999816894531,484300.0
2024-12-05,33.7599983215332,34.900001525878906,33.36000061035156,34.65999984741211,406900.0
2024-12-06,33.90999984741211,35.439998626708984,33.68000030517578,34.2599983215332,664300.0
2024-12-09,33.84000015258789,34.08000183105469,33.08000183105469,33.58000183105469,438200.0
2024-12-10,33.38999938964844,34.0,32.95000076293945,34.0,447100.0
2024-12-11,33.72999954223633,34.25,33.099998474121094,33.810001373291016,361900.0
2024-12-12,33.5,33.68000030517578,33.0,33.68000030517578,537400.0
2024-12-13,32.84000015258789,33.75,32.75,33.439998626708984,480400.0
2024-12-16,32.150001525878906,33.31999969482422,32.08000183105469,32.52000045776367,355200.0
2024-12-17,32.09000015258789,32.529998779296875,31.770000457763672,31.799999237060547,293200.0
2024-12-18,31.40999984741211,32.810001373291016,31.1299991607666,32.08000183105469,574000.0
2024-12-19,30.8700008392334,32.060001373291016,30.200000762939453,31.489999771118164,448700.0
2024-12-20,28.93000030517578,31.200000762939453,28.850000381469727,30.670000076293945,1500700.0
2024-12-23,28.46999931335449,29.200000762939453,27.56999969482422,28.799999237060547,758000.0
2024-12-24,28.39999961853028,28.809999465942383,27.3799991607666,28.34000015258789,391500.0
2024-12-26,30.68000030517578,30.709999084472656,27.799999237060547,28.309999465942383,624700.0
2024-12-27,30.13999938964844,30.799999237060547,29.420000076293945,30.5,361800.0
2024-12-30,32.900001525878906,33.439998626708984,29.26000022888184,30.100000381469727,845500.0
2024-12-31,32.25,33.02000045776367,31.700000762939453,32.880001068115234,652400.0
2025-01-02,31.86000061035156,33.66999816894531,31.559999465942383,32.27000045776367,435000.0
2025-01-03,33.369998931884766,33.939998626708984,32.06999969482422,32.34000015258789,604000.0
2025-01-06,32.54999923706055,34.38999938964844,32.06999969482422,34.38999938964844,812700.0
2025-01-07,32.0,33.38999938964844,31.790000915527344,32.630001068115234,440500.0
2025-01-08,32.0099983215332,32.54999923706055,31.01000022888184,31.11000061035156,294400.0
2025-01-10,32.22999954223633,32.279998779296875,31.11000061035156,31.709999084472656,238200.0
2025-01-13,34.36000061035156,34.5,31.270000457763672,32.189998626708984,723700.0
2025-01-14,34.13999938964844,35.04999923706055,33.59000015258789,34.88999938964844,272100.0
2025-01-15,33.599998474121094,35.25,33.58000183105469,35.25,269500.0
2025-01-16,33.04999923706055,33.779998779296875,32.02000045776367,33.2599983215332,397600.0
2025-01-17,33.88999938964844,33.970001220703125,32.5,32.7599983215332,445000.0
2025-01-21,34.849998474121094,34.86000061035156,33.38999938964844,34.04999923706055,480600.0
2025-01-22,34.13999938964844,34.90999984741211,33.939998626708984,34.349998474121094,270300.0
2025-01-23,33.459999084472656,34.709999084472656,33.13999938964844,34.66999816894531,652100.0
2025-01-24,33.5099983215332,33.79999923706055,32.959999084472656,33.7400016784668,532400.0
2025-01-27,34.619998931884766,35.11000061035156,33.27000045776367,33.7400016784668,879000.0
2025-01-28,33.650001525878906,35.470001220703125,33.56999969482422,34.709999084472656,532800.0
2025-01-29,33.369998931884766,34.0,33.209999084472656,33.470001220703125,598800.0
2025-01-30,32.91999816894531,33.310001373291016,32.369998931884766,32.59000015258789,436800.0
2025-01-31,32.25,33.689998626708984,32.0,33.02000045776367,739200.0
2025-02-03,30.75,31.790000915527344,29.6200008392334,31.6200008392334,1048700.0
2025-02-04,31.459999084472656,31.96999931335449,30.290000915527344,30.63999938964844,393600.0
2025-02-05,31.6299991607666,32.029998779296875,30.8700008392334,31.76000022888184,621800.0
2025-02-06,32.209999084472656,33.0,31.96999931335449,32.08000183105469,456700.0
2025-02-07,32.22999954223633,32.380001068115234,31.229999542236328,32.290000915527344,673000.0
2025-02-10,32.060001373291016,32.88999938964844,31.89999961853028,32.59000015258789,358400.0
2025-02-11,31.739999771118164,32.22999954223633,31.3700008392334,31.68000030517578,280700.0
2025-02-12,30.31999969482422,31.3799991607666,30.15999984741211,30.86000061035156,445800.0
2025-02-13,30.299999237060547,31.06999969482422,29.81999969482422,30.309999465942383,543800.0
2025-02-14,30.6299991607666,31.32999992370605,30.40999984741211,30.40999984741211,490200.0
2025-02-18,31.68000030517578,32.150001525878906,30.280000686645508,30.6299991607666,463500.0
2025-02-19,31.13999938964844,31.6299991607666,30.3700008392334,31.59000015258789,426800.0
2025-02-20,30.34000015258789,31.299999237060547,30.07999992370605,30.82999992370605,243000.0
2025-02-21,27.940000534057617,30.6299991607666,27.540000915527344,30.6299991607666,748400.0
2025-02-24,27.5,28.450000762939453,26.770000457763672,28.11000061035156,848700.0
2025-02-25,27.43000030517578,27.989999771118164,26.8700008392334,27.59000015258789,477300.0
2025-02-26,25.75,28.38999938964844,25.709999084472656,27.3700008392334,758000.0
2025-02-27,23.0,24.850000381469727,22.270000457763672,22.809999465942383,1728800.0
2025-02-28,22.46999931335449,23.36000061035156,22.059999465942383,22.90999984741211,1159300.0
2025-03-03,22.549999237060547,23.93000030517578,22.229999542236328,22.38999938964844,972200.0
2025-03-04,22.14999961853028,22.36000061035156,21.38999938964844,22.0,643500.0
2025-03-05,21.200000762939453,22.3700008392334,20.59000015258789,22.049999237060547,835400.0
2025-03-06,20.5,21.34000015258789,20.450000762939453,20.920000076293945,623500.0
2025-03-07,20.700000762939453,21.5,20.32999992370605,20.89999961853028,887100.0
2025-03-10,18.06999969482422,21.059999465942383,17.90999984741211,20.39999961853028,979700.0
2025-03-11,17.40999984741211,18.26000022888184,17.270000457763672,18.059999465942383,904200.0
2025-03-12,17.649999618530273,17.950000762939453,16.899999618530273,17.6299991607666,922100.0
2025-03-13,18.8700008392334,18.90999984741211,17.3799991607666,17.729999542236328,679200.0
2025-03-14,19.989999771118164,20.31999969482422,19.01000022888184,19.01000022888184,789900.0
2025-03-17,20.25,20.86000061035156,19.549999237060547,20.06999969482422,658200.0
2025-03-18,20.51000022888184,20.68000030517578,19.559999465942383,20.190000534057617,873400.0
2025-03-19,21.309999465942383,22.26000022888184,19.0,19.38999938964844,836500.0
2025-03-20,21.209999084472656,21.26000022888184,20.5,21.0,643400.0
2025-03-21,21.25,21.39999961853028,20.229999542236328,20.739999771118164,757600.0
2025-03-24,21.700000762939453,21.940000534057617,21.040000915527344,21.450000762939453,396200.0
2025-03-25,20.90999984741211,21.799999237060547,20.770000457763672,21.700000762939453,538700.0
2025-03-26,20.729999542236328,20.940000534057617,20.299999237060547,20.84000015258789,655700.0
2025-03-27,20.89999961853028,21.049999237060547,20.43000030517578,20.6200008392334,307000.0
2025-03-28,20.71999931335449,21.06999969482422,20.270000457763672,20.81999969482422,299200.0
2025-03-31,20.09000015258789,20.739999771118164,19.89999961853028,20.40999984741211,417700.0
2025-04-01,19.59000015258789,20.09000015258789,19.299999237060547,20.020000457763672,557600.0
2025-04-02,20.739999771118164,20.96999931335449,19.18000030517578,19.25,392400.0
2025-04-03,14.949999809265137,19.84000015258789,14.619999885559082,19.65999984741211,1318300.0
2025-04-04,13.119999885559082,14.609999656677246,12.3100004196167,14.010000228881836,2166200.0
2025-04-07,12.449999809265137,14.220000267028809,12.020000457763672,12.470000267028809,1853000.0
2025-04-08,10.5,13.130000114440918,10.31999969482422,12.869999885559082,1570700.0
2025-04-09,13.850000381469728,14.050000190734863,9.789999961853027,10.260000228881836,2291100.0
2025-04-10,13.3100004196167,13.949999809265137,12.720000267028809,13.369999885559082,1615100.0
2025-04-11,13.520000457763672,13.6899995803833,12.06999969482422,13.619999885559082,1045500.0
2025-04-14,14.5600004196167,14.850000381469728,13.300000190734863,13.869999885559082,728300.0
2025-04-15,14.609999656677246,15.18000030517578,14.300000190734863,14.460000038146973,713400.0
2025-04-16,14.65999984741211,14.789999961853027,14.149999618530272,14.460000038146973,690100.0
2025-04-17,15.630000114440918,15.68000030517578,14.520000457763672,14.579999923706056,563600.0
2025-04-21,14.850000381469728,15.989999771118164,14.760000228881836,15.949999809265137,916800.0
2025-04-22,15.350000381469728,15.399999618530272,14.40999984741211,14.829999923706056,773000.0
2025-04-23,15.529999732971191,17.06999969482422,15.15999984741211,16.450000762939453,850700.0
2025-04-24,16.18000030517578,16.350000381469727,15.420000076293944,15.539999961853027,565500.0
2025-04-25,14.619999885559082,15.760000228881836,14.550000190734863,15.5600004196167,544000.0
2025-04-28,14.520000457763672,15.100000381469728,14.06999969482422,14.40999984741211,599000.0
2025-04-29,14.229999542236328,14.56999969482422,13.979999542236328,14.329999923706056,402900.0
2025-04-30,14.720000267028809,14.75,13.609999656677246,13.789999961853027,433100.0
2025-05-01,16.790000915527344,16.920000076293945,14.520000457763672,14.989999771118164,1026100.0
2025-05-02,17.719999313354492,17.979999542236328,16.549999237060547,16.850000381469727,1197000.0
2025-05-05,17.440000534057617,17.68000030517578,17.059999465942383,17.59000015258789,697600.0
2025-05-06,16.75,17.360000610351562,16.219999313354492,17.139999389648438,519100.0
2025-05-07,17.229999542236328,17.440000534057617,16.739999771118164,17.329999923706055,685000.0
2025-05-08,17.270000457763672,19.100000381469727,17.239999771118164,17.90999984741211,1302300.0
2025-05-09,16.31999969482422,17.780000686645508,16.100000381469727,17.239999771118164,725000.0
2025-05-12,19.030000686645508,19.31999969482422,17.25,17.920000076293945,1125600.0
2025-05-13,18.89999961853028,19.3799991607666,18.690000534057617,19.229999542236328,866100.0
2025-05-14,18.780000686645508,19.0,17.969999313354492,18.89999961853028,463000.0
2025-05-15,18.8799991607666,18.920000076293945,18.040000915527344,18.559999465942383,350300.0
2025-05-16,19.170000076293945,19.3799991607666,18.479999542236328,18.89999961853028,434200.0
2025-05-19,18.46999931335449,18.950000762939453,18.309999465942383,18.600000381469727,335900.0
2025-05-20,18.040000915527344,18.51000022888184,17.75,18.32999992370605,354600.0
2025-05-21,16.510000228881836,18.40999984741211,16.350000381469727,17.6200008392334,544700.0
2025-05-22,17.290000915527344,17.420000076293945,16.209999084472656,16.309999465942383,470900.0
2025-05-23,16.790000915527344,17.020000457763672,16.219999313354492,16.700000762939453,435000.0
2025-05-27,17.1200008392334,17.559999465942383,16.68000030517578,17.149999618530273,551400.0
2025-05-28,16.559999465942383,17.200000762939453,16.530000686645508,17.1200008392334,315900.0
2025-05-29,17.049999237060547,17.170000076293945,16.399999618530273,16.790000915527344,323700.0
2025-05-30,16.780000686645508,16.93000030517578,16.229999542236328,16.790000915527344,473800.0
2025-06-02,16.760000228881836,16.799999237060547,16.219999313354492,16.780000686645508,373900.0
2025-06-03,17.989999771118164,18.170000076293945,16.360000610351562,16.899999618530273,457200.0
2025-06-04,17.989999771118164,18.09000015258789,17.209999084472656,18.020000457763672,289200.0
2025-06-05,18.600000381469727,18.84000015258789,17.040000915527344,18.07999992370605,439400.0
2025-06-06,18.690000534057617,19.25,18.57999992370605,18.86000061035156,411800.0
2025-06-09,19.530000686645508,20.489999771118164,18.8700008392334,19.0,828400.0
2025-06-10,19.57999992370605,20.06999969482422,19.21999931335449,19.75,322500.0
2025-06-11,19.479999542236328,19.780000686645508,18.979999542236328,19.780000686645508,514600.0
2025-06-12,20.39999961853028,21.309999465942383,19.049999237060547,19.049999237060547,642700.0
2025-06-13,20.209999084472656,20.39999961853028,19.459999084472656,19.96999931335449,537700.0
2025-06-16,23.489999771118164,23.709999084472656,21.57999992370605,21.86000061035156,726800.0
2025-06-17,22.8799991607666,23.56999969482422,22.549999237060547,23.01000022888184,773200.0
2025-06-18,22.1299991607666,23.09000015258789,21.940000534057617,22.780000686645508,652900.0
2025-06-20,22.18000030517578,22.809999465942383,22.049999237060547,22.520000457763672,923000.0
2025-06-23,22.11000061035156,22.739999771118164,21.450000762939453,21.89999961853028,1065200.0
2025-06-24,22.3700008392334,23.350000381469727,22.040000915527344,22.770000457763672,678700.0
2025-06-25,22.459999084472656,22.700000762939453,21.39999961853028,22.209999084472656,538900.0
2025-06-26,24.26000022888184,25.76000022888184,24.040000915527344,24.979999542236328,1017900.0
2025-06-27,25.14999961853028,25.3700008392334,24.07999992370605,24.299999237060547,1075500.0
2025-06-30,24.540000915527344,25.01000022888184,23.8799991607666,25.01000022888184,350000.0
2025-07-01,24.799999237060547,25.850000381469727,24.200000762939453,24.31999969482422,529500.0
2025-07-02,26.31999969482422,26.440000534057617,24.75,24.8700008392334,657800.0
2025-07-03,26.5,26.709999084472656,25.979999542236328,26.190000534057617,308700.0
2025-07-07,26.809999465942383,27.239999771118164,25.93000030517578,26.200000762939453,594900.0
2025-07-08,27.600000381469727,28.040000915527344,26.36000061035156,26.96999931335449,482300.0
2025-07-09,27.64999961853028,27.86000061035156,27.06999969482422,27.86000061035156,404800.0
2025-07-10,28.559999465942383,28.809999465942383,27.5,27.81999969482422,619600.0
2025-07-11,27.3700008392334,28.3799991607666,27.0,28.3799991607666,433000.0
2025-07-14,27.6299991607666,27.700000762939453,26.549999237060547,27.14999961853028,531300.0
2025-07-15,27.270000457763672,28.1200008392334,27.11000061035156,27.989999771118164,537700.0
2025-07-16,27.14999961853028,27.8799991607666,26.59000015258789,27.600000381469727,398600.0
2025-07-17,27.299999237060547,27.979999542236328,26.86000061035156,27.31999969482422,377600.0
2025-07-18,26.809999465942383,27.90999984741211,26.3799991607666,27.780000686645508,357600.0
2025-07-21,27.059999465942383,27.84000015258789,26.3700008392334,27.100000381469727,443200.0
2025-07-22,27.799999237060547,27.86000061035156,26.6200008392334,27.18000030517578,517400.0
2025-07-23,30.450000762939453,31.739999771118164,27.799999237060547,28.32999992370605,1530100.0
2025-07-24,31.25,31.670000076293945,30.350000381469727,30.61000061035156,872700.0
2025-07-25,32.11000061035156,32.2400016784668,31.14999961853028,31.8700008392334,494200.0
2025-07-28,32.27000045776367,32.470001220703125,31.18000030517578,32.2400016784668,311900.0
2025-07-29,31.030000686645508,32.29999923706055,30.90999984741211,32.2599983215332,409800.0
2025-07-30,30.790000915527344,31.38999938964844,30.01000022888184,31.170000076293945,434900.0
2025-07-31,30.38999938964844,31.200000762939453,29.63999938964844,30.68000030517578,408200.0
2025-08-01,29.190000534057617,29.700000762939453,28.0,29.31999969482422,787600.0
2025-08-04,29.459999084472656,30.21999931335449,29.07999992370605,29.190000534057617,423900.0
2025-08-05,29.96999931335449,30.200000762939453,29.059999465942383,29.420000076293945,354300.0
2025-08-06,29.88999938964844,30.46999931335449,29.56999969482422,29.89999961853028,351600.0
2025-08-07,29.68000030517578,31.059999465942383,28.75,30.88999938964844,556700.0
2025-08-08,30.25,30.46999931335449,29.38999938964844,29.950000762939453,452600.0
2025-08-11,28.56999969482422,30.459999084472656,28.530000686645508,30.030000686645508,757200.0
2025-08-12,29.1200008392334,30.8799991607666,28.34000015258789,30.75,1270200.0
2025-08-13,28.989999771118164,29.729999542236328,26.6299991607666,28.68000030517578,1045600.0
2025-08-14,30.489999771118164,30.75,28.239999771118164,28.479999542236328,648500.0
2025-08-15,29.770000457763672,30.71999931335449,29.690000534057617,30.71999931335449,434700.0
2025-08-18,28.299999237060547,29.93000030517578,27.82999992370605,29.51000022888184,867800.0
2025-08-19,28.540000915527344,29.68000030517578,28.280000686645508,28.280000686645508,456500.0
2025-08-20,27.790000915527344,28.700000762939453,27.71999931335449,28.3700008392334,774300.0
2025-08-21,27.89999961853028,28.15999984741211,27.450000762939453,27.459999084472656,639200.0
2025-08-22,30.8700008392334,31.059999465942383,28.0,28.06999969482422,1101700.0
2025-08-25,29.780000686645508,30.89999961853028,29.5,30.780000686645508,519200.0
2025-08-26,29.93000030517578,30.200000762939453,29.5,29.530000686645508,524700.0
2025-08-27,31.76000022888184,31.950000762939453,29.76000022888184,29.76000022888184,634000.0
2025-08-28,30.40999984741211,32.0,30.26000022888184,31.84000015258789,424000.0
2025-08-29,30.030000686645508,30.6299991607666,29.670000076293945,30.299999237060547,305300.0
2025-09-02,29.270000457763672,29.56999969482422,28.799999237060547,29.38999938964844,340700.0
2025-09-03,29.989999771118164,30.020000457763672,28.96999931335449,29.0,492000.0
2025-09-04,30.3799991607666,30.39999961853028,29.600000381469727,30.030000686645508,237400.0
2025-09-05,29.739999771118164,31.299999237060547,29.64999961853028,30.489999771118164,279200.0
2025-09-08,29.65999984741211,29.920000076293945,29.15999984741211,29.81999969482422,338000.0
2025-09-09,29.75,30.020000457763672,29.450000762939453,29.57999992370605,408200.0
2025-09-10,29.64999961853028,29.940000534057617,28.809999465942383,29.71999931335449,383900.0
2025-09-11,29.88999938964844,30.21999931335449,29.540000915527344,29.63999938964844,565200.0
2025-09-12,29.350000381469727,29.920000076293945,29.049999237060547,29.8799991607666,386100.0
2025-09-15,30.01000022888184,30.6200008392334,29.450000762939453,29.63999938964844,575300.0
2025-09-16,29.25,30.420000076293945,29.170000076293945,30.049999237060547,356200.0
2025-09-17,26.729999542236328,29.209999084472656,26.459999084472656,28.93000030517578,1314400.0
2025-09-18,26.84000015258789,27.799999237060547,26.670000076293945,27.31999969482422,718800.0
2025-09-19,25.989999771118164,27.11000061035156,25.68000030517578,26.68000030517578,1512100.0
2025-09-22,27.780000686645508,28.280000686645508,25.309999465942383,25.850000381469727,947400.0
2025-09-23,27.38999938964844,28.229999542236328,27.100000381469727,27.75,548800.0
2025-09-24,27.71999931335449,28.1200008392334,27.1200008392334,27.56999969482422,435000.0
2025-09-25,27.63999938964844,27.90999984741211,26.809999465942383,27.56999969482422,353300.0
2025-09-26,26.729999542236328,28.15999984741211,26.5,27.3700008392334,546500.0
2025-09-29,26.25,27.0,25.89999961853028,27.0,757500.0
2025-09-30,25.63999938964844,26.34000015258789,25.5,25.920000076293945,706200.0
2025-10-01,24.950000762939453,25.559999465942383,24.540000915527344,25.18000030517578,1134900.0
2025-10-02,23.89999961853028,25.350000381469727,23.850000381469727,25.040000915527344,805800.0
2025-10-03,23.43000030517578,24.89999961853028,23.38999938964844,24.040000915527344,1220100.0
2025-10-06,23.75,25.0,23.15999984741211,23.59000015258789,659600.0
2025-10-07,23.690000534057617,24.229999542236328,23.6299991607666,24.040000915527344,866800.0
2025-10-08,24.3799991607666,25.530000686645508,23.209999084472656,23.6200008392334,944000.0
2025-10-09,23.530000686645508,24.39999961853028,23.32999992370605,24.39999961853028,928400.0
2025-10-10,22.59000015258789,23.8700008392334,22.549999237060547,23.530000686645508,850200.0
2025-10-13,21.71999931335449,23.14999961853028,21.690000534057617,23.09000015258789,847800.0
2025-10-14,21.190000534057617,21.729999542236328,21.01000022888184,21.3700008392334,747500.0
2025-10-15,19.989999771118164,21.63999938964844,19.8799991607666,21.190000534057617,1193500.0
2025-10-16,20.81999969482422,21.40999984741211,20.049999237060547,20.200000762939453,1116100.0
2025-10-17,20.13999938964844,20.90999984741211,19.989999771118164,20.459999084472656,1101500.0
2025-10-20,19.190000534057617,20.540000915527344,15.75,20.290000915527344,3867300.0
2025-10-21,20.479999542236328,20.84000015258789,18.940000534057617,19.3799991607666,991700.0
2025-10-22,19.020000457763672,20.63999938964844,18.799999237060547,20.63999938964844,825400.0
2025-10-23,18.959999084472656,19.40999984741211,18.6299991607666,19.0,1087300.0
2025-10-24,19.65999984741211,19.89999961853028,18.799999237060547,18.989999771118164,487700.0
2025-10-27,19.780000686645508,20.190000534057617,19.39999961853028,19.700000762939453,569800.0
2025-10-28,19.76000022888184,20.540000915527344,19.559999465942383,19.88999938964844,614600.0
2025-10-29,19.239999771118164,20.0,19.15999984741211,19.76000022888184,512900.0
2025-10-30,18.670000076293945,19.64999961853028,18.350000381469727,19.38999938964844,695300.0
2025-10-31,18.809999465942383,18.989999771118164,18.229999542236328,18.989999771118164,517400.0
2025-11-03,18.010000228881836,18.709999084472656,17.81999969482422,18.709999084472656,669100.0
2025-11-04,18.13999938964844,18.239999771118164,17.549999237060547,17.799999237060547,746900.0
2025-11-05,17.690000534057617,18.26000022888184,17.40999984741211,18.200000762939453,844000.0
2025-11-06,20.89999961853028,22.8799991607666,20.729999542236328,21.940000534057617,1427700.0
2025-11-07,20.90999984741211,21.43000030517578,19.8700008392334,20.670000076293945,1222200.0
2025-11-10,21.559999465942383,22.989999771118164,21.170000076293945,21.71999931335449,1097400.0
2025-11-11,21.709999084472656,21.940000534057617,21.0,21.3700008392334,558800.0
2025-11-12,22.3700008392334,23.200000762939453,21.690000534057617,21.690000534057617,783400.0
2025-11-13,21.229999542236328,22.549999237060547,21.13999938964844,22.34000015258789,917700.0
2025-11-14,21.18000030517578,21.559999465942383,20.709999084472656,20.709999084472656,699200.0
2025-11-17,21.01000022888184,21.479999542236328,20.799999237060547,21.34000015258789,500400.0
2025-11-18,21.049999237060547,21.3700008392334,20.440000534057617,20.86000061035156,454400.0
2025-11-19,20.1299991607666,21.11000061035156,20.100000381469727,21.07999992370605,566800.0
2025-11-20,19.739999771118164,20.65999984741211,19.64999961853028,20.31999969482422,611500.0
2025-11-21,20.3799991607666,20.799999237060547,19.530000686645508,19.799999237060547,710000.0
2025-11-24,21.01000022888184,21.200000762939453,19.76000022888184,20.420000076293945,830300.0
2025-11-25,21.920000076293945,22.049999237060547,20.40999984741211,21.280000686645508,503800.0
2025-11-26,22.65999984741211,23.0,21.959999084472656,22.76000022888184,577400.0
2025-11-28,22.96999931335449,23.100000381469727,22.440000534057617,23.0,285000.0
2025-12-01,24.190000534057617,24.5,22.5,22.71999931335449,715800.0
2025-12-02,25.01000022888184,25.25,23.809999465942383,24.299999237060547,660000.0
2025-12-03,25.200000762939453,25.88999938964844,25.0,25.13999938964844,574800.0
2025-12-04,25.559999465942383,25.6200008392334,24.950000762939453,25.239999771118164,481600.0
2025-12-05,25.89999961853028,26.270000457763672,25.489999771118164,25.68000030517578,604100.0
2025-12-08,25.530000686645508,26.26000022888184,25.489999771118164,25.81999969482422,564500.0
2025-12-09,25.63999938964844,25.959999084472656,25.309999465942383,25.459999084472656,375000.0
2025-12-10,26.0,26.32999992370605,25.350000381469727,25.350000381469727,508200.0
2025-12-11,25.5,26.700000762939453,25.3700008392334,26.25,878900.0
2025-12-12,25.46999931335449,26.06999969482422,25.190000534057617,25.6200008392334,406200.0
2025-12-15,25.920000076293945,26.13999938964844,24.540000915527344,25.520000457763672,530400.0
2025-12-16,25.670000076293945,26.39999961853028,25.479999542236328,26.11000061035156,321300.0
2025-12-17,25.239999771118164,25.88999938964844,24.93000030517578,25.709999084472656,410300.0
2025-12-18,25.170000076293945,25.799999237060547,24.82999992370605,25.3700008392334,338800.0
2025-12-19,25.01000022888184,25.32999992370605,24.63999938964844,25.270000457763672,655000.0
2025-12-22,24.979999542236328,25.25,24.799999237060547,25.1299991607666,337300.0
2025-12-23,25.34000015258789,25.5,24.71999931335449,25.07999992370605,241800.0
2025-12-24,25.450000762939453,25.6299991607666,25.229999542236328,25.489999771118164,147900.0
2025-12-26,25.520000457763672,25.71999931335449,25.229999542236328,25.26000022888184,247100.0
2025-12-29,25.530000686645508,25.670000076293945,25.21999931335449,25.479999542236328,289900.0
2025-12-30,25.290000915527344,25.76000022888184,25.21999931335449,25.450000762939453,327400.0
2025-12-31,25.0,25.670000076293945,24.86000061035156,25.1299991607666,383500.0
2026-01-02,25.1299991607666,25.32999992370605,24.84000015258789,25.190000534057617,243400.0
2026-01-05,25.450000762939453,26.290000915527344,25.40999984741211,26.0,563700.0
2026-01-06,25.89999961853028,26.030000686645508,25.1200008392334,25.38999938964844,426600.0
2026-01-07,26.13999938964844,26.15999984741211,25.3799991607666,25.8700008392334,661900.0
2026-01-08,26.25,26.5,25.950000762939453,26.01000022888184,437000.0
2026-01-09,27.059999465942383,27.14999961853028,25.86000061035156,26.280000686645508,711200.0
2026-01-12,27.440000534057617,28.049999237060547,26.799999237060547,26.959999084472656,667000.0
2026-01-13,27.799999237060547,28.07999992370605,27.14999961853028,27.3799991607666,339900.0
2026-01-14,28.229999542236328,28.56999969482422,27.40999984741211,27.670000076293945,559400.0
2026-01-15,29.3700008392334,29.63999938964844,28.350000381469727,28.350000381469727,732400.0
2026-01-16,28.57999992370605,29.32999992370605,28.39999961853028,29.32999992370605,583300.0
2026-01-20,27.059999465942383,28.39999961853028,26.420000076293945,27.850000381469727,616100.0
2026-01-21,28.56999969482422,29.309999465942383,27.350000381469727,27.540000915527344,945000.0
2026-01-22,28.46999931335449,29.239999771118164,28.290000915527344,28.63999938964844,251700.0
2026-01-23,27.790000915527344,28.440000534057617,27.6200008392334,28.440000534057617,341100.0
2026-01-26,27.020000457763672,28.1299991607666,26.729999542236328,27.690000534057617,328000.0
2026-01-27,27.88999938964844,28.25,26.979999542236328,27.11000061035156,417500.0
2026-01-28,27.420000076293945,28.15999984741211,27.1299991607666,27.940000534057617,310500.0
2026-01-29,27.61000061035156,27.8799991607666,27.25,27.5,535100.0
2026-01-30,27.8799991607666,28.350000381469727,27.09000015258789,27.43000030517578,597300.0
2026-02-02,28.979999542236328,28.989999771118164,27.38999938964844,27.56999969482422,519500.0
2026-02-03,29.420000076293945,30.1200008392334,28.75,29.0,739600.0
2026-02-04,29.75,30.34000015258789,29.3700008392334,29.709999084472656,658200.0
2026-02-05,28.15999984741211,29.850000381469727,27.959999084472656,29.65999984741211,475100.0
2026-02-06,29.88999938964844,30.049999237060547,27.51000022888184,27.950000762939453,918900.0
2026-02-09,30.229999542236328,30.700000762939453,29.799999237060547,29.950000762939453,591900.0
2026-02-10,30.049999237060547,31.18000030517578,29.979999542236328,30.170000076293945,468500.0
2026-02-11,29.71999931335449,30.6200008392334,29.63999938964844,30.25,534400.0
2026-02-12,27.1200008392334,30.32999992370605,25.940000534057617,30.11000061035156,1478000.0
2026-02-13,26.809999465942383,27.93000030517578,26.39999961853028,26.979999542236328,498000.0
2026-02-17,27.239999771118164,28.0,26.5,26.86000061035156,480900.0
2026-02-18,27.600000381469727,28.100000381469727,27.239999771118164,27.26000022888184,358000.0
2026-02-19,27.780000686645508,28.170000076293945,27.0,27.540000915527344,488300.0
2026-02-20,27.81999969482422,28.31999969482422,26.8700008392334,27.89999961853028,336300.0
2026-02-23,25.280000686645508,27.799999237060547,25.020000457763672,27.799999237060547,989600.0
2026-02-24,26.43000030517578,27.5,25.25,26.76000022888184,1216100.0
2026-02-25,25.14999961853028,26.57999992370605,24.64999961853028,26.57999992370605,948100.0
2026-02-26,25.770000457763672,26.06999969482422,24.75,24.920000076293945,798800.0
2026-02-27,25.290000915527344,25.700000762939453,24.65999984741211,25.34000015258789,642300.0
2026-03-02,25.43000030517578,25.8700008392334,24.26000022888184,24.8799991607666,457100.0
2026-03-03,24.64999961853028,25.1299991607666,24.1299991607666,24.5,728500.0
2026-03-04,24.61000061035156,25.040000915527344,24.309999465942383,24.729999542236328,437300.0
2026-03-05,23.8799991607666,24.5,23.530000686645508,24.200000762939453,534900.0
2026-03-06,21.940000534057617,23.020000457763672,21.420000076293945,22.979999542236328,1150300.0
2026-03-09,22.030000686645508,22.31999969482422,20.32999992370605,21.36000061035156,715400.0
2026-03-10,22.040000915527344,23.0,21.59000015258789,21.8799991607666,534100.0
2026-03-11,18.38999938964844,21.850000381469727,18.290000915527344,21.850000381469727,2435600.0
2026-03-12,16.56999969482422,18.13999938964844,16.559999465942383,18.0,1571700.0
2026-03-13,15.800000190734863,17.329999923706055,15.760000228881836,16.450000762939453,1400200.0
2026-03-16,16.049999237060547,16.5,15.619999885559082,16.110000610351562,946300.0
2026-03-17,16.450000762939453,16.989999771118164,16.1200008392334,16.170000076293945,722700.0
2026-03-18,15.739999771118164,16.3799991607666,15.630000114440918,16.15999984741211,870300.0
2026-03-19,15.510000228881836,15.550000190734863,14.81999969482422,15.170000076293944,963200.0
2026-03-20,15.470000267028809,15.960000038146973,15.020000457763672,15.539999961853027,937300.0
2026-03-23,16.0,16.670000076293945,15.770000457763672,16.110000610351562,908600.0
2026-03-24,16.209999084472656,16.350000381469727,15.670000076293944,15.8100004196167,815400.0
2026-03-25,16.610000610351562,16.739999771118164,16.1200008392334,16.450000762939453,383600.0
2026-03-26,17.059999465942383,17.219999313354492,16.190000534057617,16.389999389648438,611400.0
2026-03-27,16.239999771118164,16.8700008392334,15.989999771118164,16.729999542236328,441100.0
2026-03-30,15.739999771118164,16.59000015258789,15.729999542236328,16.450000762939453,457900.0
2026-03-31,16.709999084472656,16.81999969482422,15.949999809265137,15.949999809265137,486500.0
2026-04-01,17.229999542236328,17.450000762939453,16.829999923706055,16.8700008392334,339100.0
2026-04-02,17.40999984741211,17.440000534057617,16.6200008392334,16.739999771118164,309900.0
2026-04-06,17.389999389648438,17.399999618530273,16.600000381469727,17.190000534057617,267600.0
2026-04-07,17.469999313354492,17.610000610351562,16.950000762939453,17.239999771118164,377400.0
2026-04-08,18.39999961853028,19.13999938964844,18.270000457763672,18.71999931335449,459300.0
2026-04-09,18.8700008392334,18.979999542236328,18.1200008392334,18.350000381469727,522000.0
2026-04-10,19.13999938964844,19.280000686645508,18.700000762939453,18.920000076293945,464600.0
2026-04-13,19.309999465942383,19.39999961853028,18.81999969482422,19.07999992370605,324500.0
2026-04-14,19.040000915527344,19.549999237060547,18.96999931335449,19.309999465942383,555500.0
2026-04-15,19.190000534057617,19.34000015258789,18.700000762939453,18.850000381469727,377800.0
2026-04-16,20.8700008392334,20.88999938964844,19.030000686645508,19.030000686645508,875000.0
2026-04-17,22.18000030517578,22.5,21.190000534057617,21.290000915527344,876400.0
2026-04-20,23.11000061035156,23.420000076293945,21.959999084472656,22.18000030517578,678200.0
2026-04-21,23.100000381469727,23.549999237060547,22.790000915527344,23.200000762939453,456700.0
2026-04-22,22.75,23.530000686645508,22.709999084472656,23.26000022888184,1549000.0
2026-04-23,22.75,23.299999237060547,22.46999931335449,22.8799991607666,480500.0
2026-04-24,23.440000534057617,23.6299991607666,22.51000022888184,22.700000762939453,723800.0
2026-04-27,22.850000381469727,23.89999961853028,22.82999992370605,23.600000381469727,546400.0
2026-04-28,22.40999984741211,22.959999084472656,22.059999465942383,22.799999237060547,379200.0
2026-04-29,21.51000022888184,22.489999771118164,21.200000762939453,22.200000762939453,590800.0
2026-04-30,21.059999465942383,21.90999984741211,20.989999771118164,21.51000022888184,811300.0
2026-05-01,21.32999992370605,21.96999931335449,21.200000762939453,21.38999938964844,372600.0
2026-05-04,16.219999313354492,21.299999237060547,16.09000015258789,21.200000762939453,3224100.0
2026-05-05,17.030000686645508,17.1299991607666,16.0,16.18000030517578,1243100.0
2026-05-06,18.36000061035156,18.670000076293945,17.209999084472656,17.360000610351562,1041200.0
2026-05-07,17.329999923706055,18.450000762939453,17.15999984741211,18.440000534057617,2113700.0
2026-05-08,9.869999885559082,11.859999656677246,9.5,9.5,9890200.0
2026-05-11,10.460000038146973,10.600000381469728,9.520000457763672,10.050000190734863,3657900.0
2026-05-12,9.1899995803833,10.460000038146973,9.18000030517578,10.460000038146973,1955700.0
2026-05-13,8.739999771118164,9.420000076293944,8.649999618530273,9.199999809265137,1890900.0
2026-05-14,9.399999618530272,10.100000381469728,8.760000228881836,8.800000190734863,2660400.0
2026-05-15,8.760000228881836,9.550000190734863,8.550000190734863,9.380000114440918,1473200.0
2026-05-18,8.5,9.100000381469728,8.470000267028809,8.869999885559082,1486900.0
2026-05-19,8.3100004196167,8.479999542236328,7.860000133514404,8.479999542236328,2692600.0
2026-05-20,8.430000305175781,8.699999809265137,8.3100004196167,8.390000343322754,1370600.0
2026-05-21,8.350000381469727,8.619999885559082,8.079999923706055,8.3100004196167,972100.0
2026-05-22,8.800000190734863,8.899999618530273,8.279999732971191,8.350000381469727,1073800.0
2026-05-26,9.630000114440918,9.890000343322754,8.90999984741211,8.949999809265137,1387900.0
2026-05-27,10.380000114440918,10.449999809265137,9.640000343322754,9.770000457763672,1771000.0
2026-05-28,10.359999656677246,10.600000381469728,10.199999809265137,10.399999618530272,837000.0
2026-05-29,10.579999923706056,10.739999771118164,10.289999961853027,10.289999961853027,874000.0
2026-06-01,10.460000038146973,10.65999984741211,10.34000015258789,10.479999542236328,801900.0
2026-06-02,10.199999809265137,10.43000030517578,9.920000076293944,10.40999984741211,886300.0
2026-06-03,9.670000076293944,10.34000015258789,9.470000267028809,10.34000015258789,1220400.0
2026-06-04,10.350000381469728,10.380000114440918,9.670000076293944,9.81999969482422,704900.0
2026-06-05,10.359999656677246,10.760000228881836,10.18000030517578,10.329999923706056,679300.0
2026-06-08,11.5,11.550000190734863,10.300000190734863,10.329999923706056,1349800.0
2026-06-09,11.630000114440918,11.869999885559082,10.880000114440918,11.550000190734863,1300200.0
2026-06-10,12.25,12.289999961853027,10.600000381469728,11.5,1890400.0
2026-06-11,12.56999969482422,12.979999542236328,12.0,12.25,1088600.0
2026-06-12,13.329999923706056,14.470000267028809,12.989999771118164,13.15999984741211,2511700.0
2026-06-15,13.579999923706056,14.020000457763672,13.260000228881836,13.350000381469728,1158000.0
2026-06-16,13.770000457763672,14.06999969482422,13.079999923706056,13.529999732971191,1307400.0
2026-06-17,13.5600004196167,13.979999542236328,13.050000190734863,13.75,1953100.0
2026-06-18,13.619999885559082,14.18000030517578,13.4399995803833,13.920000076293944,5500000.0
2026-06-22,13.710000038146973,13.729999542236328,13.06999969482422,13.609999656677246,1212200.0
2026-06-23,13.079999923706056,13.770000457763672,13.050000190734863,13.470000267028809,1117000.0
2026-06-24,13.390000343322754,13.6899995803833,13.1899995803833,13.279999732971191,629600.0
2026-06-25,14.289999961853027,14.529999732971191,13.5,13.510000228881836,587400.0
2026-06-26,14.869999885559082,15.0,14.130000114440918,14.34000015258789,2103700.0
2026-06-29,14.43000030517578,14.8100004196167,14.199999809265137,14.8100004196167,647500.0
2026-06-30,13.510000228881836,14.520000457763672,12.579999923706056,14.34000015258789,1206800.0
2026-07-01,14.09000015258789,14.220000267028809,13.229999542236328,13.479999542236328,907300.0
2026-07-02,13.449999809265137,14.68000030517578,13.119999885559082,14.380000114440918,761200.0
2026-07-06,12.989999771118164,13.539999961853027,12.699999809265137,13.420000076293944,506300.0
2026-07-07,13.100000381469728,13.1899995803833,12.600000381469728,12.949999809265137,413100.0
2026-07-08,12.18000030517578,13.300000190734863,11.75,12.899999618530272,1072700.0
2026-07-09,12.899999618530272,13.15999984741211,12.300000190734863,12.300000190734863,830700.0
2026-07-10,13.380000114440918,13.489999771118164,12.630000114440918,13.079999923706056,421200.0
2026-07-13,12.800000190734863,13.720000267028809,12.600000381469728,13.18000030517578,454000.0
2026-07-14,12.789999961853027,13.1899995803833,12.350000381469728,12.989999771118164,506700.0
2026-07-15,12.619999885559082,13.0600004196167,12.5,12.90999984741211,414100.0
2026-07-16,13.550000190734863,14.050000190734863,12.300000190734863,12.300000190734863,687700.0
2026-07-17,13.75,13.800000190734863,13.289999961853027,13.40999984741211,522100.0
2026-07-20,13.199999809265137,13.899999618530272,12.8100004196167,13.729999542236328,466400.0
2026-07-21,16.209999084472656,16.229999542236328,14.670000076293944,15.149999618530272,2640200.0
2026-07-22,16.06999969482422,16.770000457763672,15.550000190734863,16.25,852700.0
2026-07-23,15.479999542236328,16.040000915527344,15.239999771118164,16.040000915527344,1120300.0
2026-07-24,15.25,15.8100004196167,14.760000228881836,15.31999969482422,559500.0
2026-07-27,14.720000267028809,15.609999656677246,14.670000076293944,15.40999984741211,723100.0
2026-07-28,14.779999732971191,15.109999656677246,14.43000030517578,14.5,621100.0
2026-07-29,14.59000015258789,14.869999885559082,14.210000038146973,14.56999969482422,689800.0
2026-07-30,14.1899995803833,14.609999656677246,13.720000267028809,14.609999656677246,683900.0
2026-07-31,14.050000190734863,14.449999809265137,13.84000015258789,14.449999809265137,503500.0
2026-08-03,14.670000076293944,14.75,14.140000343322754,14.420000076293944,481800.0
2026-08-04,15.300000190734863,15.350000381469728,14.640000343322754,14.890000343322754,652300.0
2026-08-05,15.40999984741211,15.529999732971191,14.829999923706056,15.149999618530272,700700.0
2026-08-06,17.799999237060547,18.729999542236328,16.329999923706055,17.690000534057617,1465900.0
2026-08-07,19.350000381469727,19.989999771118164,18.010000228881836,18.1299991607666,1196500.0
2026-08-10,18.770000457763672,19.40999984741211,18.65999984741211,19.040000915527344,521600.0
2026-08-11,18.600000381469727,19.5,18.459999084472656,18.790000915527344,422100.0
2026-08-12,19.489999771118164,19.799999237060547,18.799999237060547,18.84000015258789,631500.0
2026-08-13,20.200000762939453,20.56999969482422,19.84000015258789,19.88999938964844,509100.0
2026-08-14,18.959999084472656,20.11000061035156,18.670000076293945,20.11000061035156,505400.0
2026-08-17,19.31999969482422,19.739999771118164,19.1299991607666,19.200000762939453,423000.0
2026-08-18,19.18000030517578,19.459999084472656,18.8700008392334,19.459999084472656,275800.0
2026-08-19,18.520000457763672,19.65999984741211,18.25,19.46999931335449,453400.0
2026-08-20,17.790000915527344,18.51000022888184,17.729999542236328,18.420000076293945,354000.0
2026-08-21,18.11000061035156,18.520000457763672,17.90999984741211,17.989999771118164,394400.0
2026-08-24,17.56999969482422,18.209999084472656,17.459999084472656,18.170000076293945,229700.0
2026-08-25,17.40999984741211,17.850000381469727,17.149999618530273,17.790000915527344,270800.0
2026-08-26,17.6299991607666,17.700000762939453,17.31999969482422,17.40999984741211,425500.0
2026-08-27,17.700000762939453,17.809999465942383,17.329999923706055,17.600000381469727,554500.0
2026-08-28,16.989999771118164,17.799999237060547,16.979999542236328,17.700000762939453,341700.0
2026-08-31,17.0,17.510000228881836,16.639999389648438,17.030000686645508,1332300.0
2026-09-01,16.3799991607666,17.1299991607666,16.270000457763672,16.950000762939453,447000.0
2026-09-02,15.979999542236328,16.760000228881836,15.869999885559082,16.459999084472656,440400.0
2026-09-03,16.309999465942383,16.6200008392334,15.979999542236328,16.139999389648438,1147600.0
2026-09-04,17.889999389648438,18.36000061035156,16.209999084472656,16.209999084472656,799700.0
2026-09-08,17.270000457763672,17.829999923706055,17.200000762939453,17.790000915527344,367800.0
2026-09-09,16.3799991607666,17.219999313354492,16.350000381469727,17.06999969482422,415500.0
2026-09-10,16.420000076293945,16.65999984741211,16.15999984741211,16.299999237060547,314000.0
2026-09-11,16.6299991607666,16.81999969482422,16.309999465942383,16.670000076293945,468600.0
2026-09-14,16.690000534057617,16.709999084472656,15.960000038146973,16.209999084472656,435200.0
2026-09-15,16.399999618530273,16.760000228881836,16.309999465942383,16.68000030517578,305900.0
2026-09-16,15.489999771118164,16.3799991607666,15.100000381469728,16.34000015258789,508800.0
2026-09-17,15.40999984741211,16.020000457763672,15.350000381469728,15.880000114440918,482400.0
2026-09-18,14.829999923706056,15.529999732971191,14.739999771118164,15.25,1091000.0
2026-09-21,14.59000015258789,15.06999969482422,14.100000381469728,15.0,567000.0
2026-09-22,15.140000343322754,15.420000076293944,14.699999809265137,15.0,394800.0
2026-09-23,15.0600004196167,15.15999984741211,14.539999961853027,15.140000343322754,451700.0
2026-09-24,14.75,15.270000457763672,14.229999542236328,15.029999732971191,467200.0
2026-09-25,14.6899995803833,15.399999618530273,14.649999618530273,14.8100004196167,434100.0
2026-09-28,15.270000457763672,15.289999961853027,14.289999961853027,14.520000457763672,923400.0
2026-09-29,15.010000228881836,15.729999542236328,14.8100004196167,15.329999923706055,578200.0
